# TILEID RA DEC N
4	335.03	19.88	5476
6	333.22	14.84	18594
7	332.35	12.32	16727
8	319.90	6.05	18680
9	330.67	7.31	18679
10	329.84	4.80	18682
11	326.40	1.37	18682
12	326.88	4.31	18681
13	324.73	5.92	18671
14	322.58	7.47	18647
15	320.42	9.01	18634
16	318.23	10.54	15101
17	316.02	12.07	16371
23	335.67	29.65	10082
24	334.67	27.10	18295
25	333.70	24.55	18457
26	332.77	22.00	16953
27	331.87	19.47	17722
28	330.99	16.94	18347
29	330.13	14.41	16784
30	329.29	11.90	15819
31	328.47	9.39	18670
32	327.66	6.87	18659
33	325.45	8.64	18697
34	323.25	10.28	18675
35	321.04	11.87	14851
36	318.81	13.43	18052
43	332.27	29.20	16399
44	331.34	26.62	15240
45	330.44	24.05	18548
46	329.56	21.49	18660
47	328.70	18.93	18565
48	327.86	16.38	18537
49	327.04	13.82	18370
50	326.23	11.25	18598
51	323.99	12.98	14310
52	321.73	14.63	11407
53	319.46	16.24	15901
61	328.04	26.03	18164
62	327.19	23.43	18707
63	326.37	20.83	18596
64	325.55	18.23	13019
65	324.76	15.62	17552
66	322.46	17.34	12936
77	323.21	20.01	10004
96	328.28	0.00	18648
98	31.72	0.00	18648
100	270.00	31.72	9444
104	148.28	0.00	18660
106	211.72	0.00	18642
118	0.00	20.91	18684
120	249.09	0.00	13292
125	180.00	20.91	18709
136	159.09	30.00	18679
139	180.00	0.00	18666
141	0.00	0.00	18641
142	121.72	18.00	18659
147	339.09	30.00	7170
149	200.91	30.00	18661
150	20.91	30.00	1688
152	58.28	-18.00	18674
154	238.28	18.00	18290
255	51.21	-13.63	18691
257	46.68	-10.62	18704
258	26.78	-14.84	18706
259	27.65	-12.32	18704
260	40.10	-6.05	18662
261	29.33	-7.31	18666
262	30.16	-4.80	18677
263	33.60	-1.37	18678
264	33.12	-4.31	18692
265	35.27	-5.92	18677
266	37.42	-7.47	18653
267	39.58	-9.01	18679
268	41.77	-10.54	18664
269	43.98	-12.07	18690
270	46.23	-13.59	18700
271	48.51	-15.10	18685
272	50.82	-16.60	18687
273	53.18	-18.08	18688
280	29.01	-16.94	18700
281	29.87	-14.41	18696
282	30.71	-11.90	18710
283	31.53	-9.39	18695
284	32.34	-6.87	18684
285	34.55	-8.64	18697
286	36.75	-10.28	18696
287	38.96	-11.87	18688
288	41.19	-13.43	18682
289	43.44	-14.98	18692
290	45.73	-16.51	18678
291	48.05	-18.03	18515
300	32.14	-16.38	18689
301	32.96	-13.82	18681
302	33.77	-11.25	18658
303	36.01	-12.98	18674
304	38.27	-14.63	18689
305	40.54	-16.24	18672
306	42.85	-17.83	18691
316	34.45	-18.23	18662
317	35.24	-15.62	18676
318	37.54	-17.34	18693
448	315.54	9.10	18656
449	317.73	7.58	18663
450	319.90	-6.05	18498
451	322.05	4.51	18652
452	324.20	2.96	18650
453	326.40	-1.37	18615
454	323.75	0.00	18656
455	321.55	-1.53	18661
456	319.40	-3.07	18681
457	317.25	-4.60	17940
458	315.08	-6.12	18174
459	312.89	-7.64	6443
470	312.89	7.64	18155
471	315.08	6.12	18658
472	317.25	4.60	18687
473	319.40	3.07	18663
474	321.55	1.53	18616
475	319.20	0.00	18667
476	316.95	-1.54	18482
477	314.75	-3.08	15653
478	312.55	-4.61	18062
479	310.33	-6.13	8794
490	312.55	4.61	18327
491	314.75	3.08	18324
492	316.95	1.54	18654
493	314.62	0.00	18621
494	312.35	-1.54	17168
495	310.10	-3.08	9298
506	310.10	3.08	17547
507	312.35	1.54	18094
508	310.02	0.00	16775
541	10.77	0.00	18645
542	25.89	-17.35	18696
543	16.10	0.00	18642
544	18.75	0.00	18655
545	28.49	-9.82	18696
546	24.03	0.00	18673
547	26.67	0.00	18645
548	31.00	-2.21	18664
549	28.05	-2.66	18694
550	27.17	-5.19	18680
551	26.32	-7.69	18658
552	25.46	-10.19	18678
553	24.59	-12.69	18692
554	23.69	-15.20	18678
555	22.77	-17.71	18685
560	1.35	-2.67	18689
561	4.05	-2.67	18679
562	6.75	-2.68	18687
563	9.44	-2.68	18683
564	12.11	-2.69	18673
565	14.78	-2.70	18676
566	17.44	-2.70	18675
567	20.08	-2.71	18674
568	22.72	-2.71	18689
569	25.37	-2.71	18654
570	24.34	-5.33	18681
571	23.42	-7.89	15331
572	22.51	-10.42	12410
573	21.59	-12.94	18537
574	20.64	-15.46	18664
575	19.67	-17.97	18695
580	2.72	-5.34	18688
581	5.43	-5.34	18681
582	8.14	-5.35	18672
583	10.84	-5.37	18701
584	13.53	-5.38	18691
585	16.22	-5.38	18690
586	18.91	-5.38	18661
587	21.61	-5.37	18685
588	20.59	-7.98	4910
589	19.61	-10.55	816
590	18.63	-13.09	12920
591	17.63	-15.63	18699
592	16.60	-18.15	18702
596	1.37	-7.99	16697
597	4.12	-8.00	13975
598	6.86	-8.01	14716
599	9.60	-8.02	18597
600	12.34	-8.03	17528
601	15.07	-8.03	12962
602	17.82	-8.02	5469
603	16.77	-10.61	1359
604	15.72	-13.18	6005
605	14.66	-15.73	13967
606	13.55	-18.26	18401
610	2.79	-10.63	9648
611	5.58	-10.64	15335
612	8.37	-10.65	15947
613	11.16	-10.65	15548
614	13.96	-10.64	14776
615	12.84	-13.23	16269
620	1.42	-13.24	9156
621	4.27	-13.25	7651
622	7.12	-13.25	8201
623	9.98	-13.25	12327
728	240.72	19.40	17874
729	243.19	20.77	18653
730	245.71	22.10	18595
732	250.85	24.63	18611
735	258.86	28.04	18400
738	267.42	30.97	12135
739	264.86	33.01	4581
740	261.88	32.08	5688
741	259.02	31.06	9438
742	256.23	29.98	17483
743	253.49	28.84	18352
744	250.80	27.64	18392
745	248.16	26.40	18675
746	245.56	25.10	15872
747	243.00	23.77	16020
748	240.49	22.39	18691
749	238.01	20.98	18690
760	259.55	34.10	3121
761	256.54	33.03	5835
762	253.66	31.89	13187
763	250.86	30.69	15793
764	248.13	29.43	13791
765	245.46	28.13	18614
766	242.83	26.78	18327
767	240.26	25.39	18606
768	237.73	23.97	18698
769	235.25	22.51	18687
778	254.10	34.96	6081
779	251.10	33.76	7695
780	248.23	32.49	14448
781	245.44	31.18	18522
782	242.72	29.81	18641
783	240.07	28.40	18707
784	237.47	26.96	18698
785	234.92	25.48	18694
792	251.61	36.82	1038
794	245.55	34.24	4557
795	242.70	32.86	15166
796	239.93	31.43	18694
797	237.24	29.96	18696
798	234.61	28.46	18702
799	232.04	26.93	18700
806	239.88	34.47	3539
807	237.07	32.97	14113
808	234.33	31.44	18698
809	231.67	29.88	18719
815	234.10	34.43	2360
816	231.33	32.83	16112
817	228.63	31.20	18631
821	228.22	34.11	3275
823	119.28	19.40	18711
824	116.81	20.77	18687
825	114.29	22.10	18648
842	114.15	19.11	18668
843	116.62	17.79	18661
844	119.06	16.42	18662
863	116.43	14.81	18686
864	118.84	13.44	18679
923	315.54	-9.10	8665
924	317.73	-7.58	18055
925	331.51	-9.82	13791
926	322.05	-4.51	17866
927	324.20	-2.96	18678
928	329.00	-2.21	18559
929	326.88	-4.31	18686
930	327.66	-6.87	18269
931	328.47	-9.39	8480
932	329.29	-11.90	5192
945	316.02	-12.07	1717
946	318.23	-10.54	13511
947	320.42	-9.01	13396
948	322.58	-7.47	15926
949	324.73	-5.92	18383
950	325.45	-8.64	17144
951	326.23	-11.25	8059
966	321.04	-11.87	11238
967	323.25	-10.28	1426
968	323.99	-12.98	1187
1034	17.46	30.26	3618
1035	342.54	30.26	4844
1053	13.99	30.45	9951
1054	15.26	27.98	16102
1055	346.01	30.45	1179
1069	10.51	30.56	6235
1070	11.88	28.12	17597
1071	348.12	28.12	4750
1082	7.02	30.62	316
1083	8.50	28.20	14749
1084	9.88	25.75	18617
1085	351.50	28.20	4438
1093	5.10	28.24	9693
1094	6.59	25.81	15074
1095	353.41	25.81	10273
1096	354.90	28.24	2372
1097	356.49	30.65	5541
1101	3.30	25.83	9115
1102	4.79	23.38	18428
1104	358.30	28.26	638
1105	0.00	25.84	4350
1106	1.60	23.39	17744
1107	358.40	23.39	8783
1108	160.24	32.52	13571
1128	157.81	34.73	593
1129	156.72	32.19	17534
1148	154.23	34.35	3854
1149	153.23	31.77	18668
1165	150.69	33.86	8421
1179	147.21	33.26	13007
1189	144.53	35.23	158
1197	141.10	34.43	4869
1201	138.33	36.29	126
1206	248.26	23.39	18678
1208	253.47	25.82	18579
1209	256.15	26.96	18568
1211	261.63	29.07	15245
1212	264.46	30.04	14307
1213	270.00	29.39	9664
1214	266.99	28.02	16258
1215	267.01	25.34	14742
1216	267.06	22.70	15552
1217	267.12	20.06	15064
1225	240.94	16.42	11463
1226	243.38	17.79	17490
1227	245.85	19.11	18471
1228	248.36	20.40	18692
1229	250.90	21.63	18699
1230	253.47	22.82	18692
1231	256.09	23.95	18664
1232	258.74	25.03	18653
1233	261.43	26.06	18691
1234	264.17	27.04	18610
1235	264.16	24.23	18185
1236	264.22	21.51	13236
1237	264.31	18.82	14022
1238	264.39	16.15	14142
1239	264.47	13.47	18652
1245	243.57	14.81	18644
1246	246.01	16.14	18599
1247	248.48	17.43	18706
1248	250.99	18.67	18719
1249	253.54	19.87	18707
1250	256.12	21.01	18690
1251	258.74	22.11	15724
1252	261.41	23.18	10500
1253	261.48	20.39	10237
1254	261.58	17.64	7842
1255	261.69	14.92	12191
1261	243.75	11.85	18682
1262	246.17	13.19	18686
1263	248.63	14.49	18650
1264	251.12	15.75	18646
1265	253.64	16.96	18206
1266	256.21	18.13	17486
1267	258.82	19.27	12811
1268	258.93	16.48	15727
1269	259.04	13.71	17822
1275	246.32	10.26	18651
1276	248.77	11.58	18692
1277	251.25	12.86	16834
1278	253.77	14.10	12818
1279	256.32	15.30	11661
1280	256.45	12.50	13388
1281	256.56	9.71	18594
1282	256.65	6.93	18342
1285	246.46	7.32	18688
1286	248.90	8.68	15297
1287	251.38	9.99	14863
1288	253.89	11.26	13016
1289	254.01	8.43	18203
1290	254.09	5.62	18685
1291	254.15	2.81	18499
1293	249.00	5.78	18649
1294	251.49	7.13	16857
1295	251.57	4.27	18623
1296	251.61	1.42	18609
1297	249.07	2.89	18664
1583	2.70	0.00	18656
1584	5.40	0.00	18625
1585	8.09	0.00	18655
1586	24.97	19.88	18349
1587	13.44	0.00	18660
1588	26.78	14.84	18431
1589	27.65	12.32	18625
1590	21.39	0.00	18634
1591	29.33	7.31	18516
1592	30.16	4.80	18498
1593	29.39	0.00	18643
1594	28.05	2.66	18679
1595	25.37	2.71	18640
1596	22.72	2.71	18677
1597	20.08	2.71	18675
1598	17.44	2.70	18653
1599	14.78	2.70	18665
1600	12.11	2.69	18669
1601	9.44	2.68	18698
1602	6.75	2.68	18688
1603	4.05	2.67	18694
1604	1.35	2.67	18677
1605	18.63	27.77	17709
1606	19.74	25.26	8038
1607	20.80	22.74	14090
1608	21.80	20.23	14603
1609	22.77	17.71	18696
1610	23.69	15.20	18591
1611	24.59	12.69	18362
1612	25.46	10.19	14986
1613	26.32	7.69	17867
1614	27.17	5.19	18616
1615	24.34	5.33	18673
1616	21.61	5.37	18701
1617	18.91	5.38	18690
1618	16.22	5.38	18466
1619	13.53	5.38	16000
1620	10.84	5.37	17807
1621	8.14	5.35	18560
1622	5.43	5.34	18674
1623	2.72	5.34	18625
1624	0.00	5.33	18686
1625	16.45	25.49	12998
1626	17.58	22.99	18679
1627	18.65	20.48	18656
1628	19.67	17.97	18321
1629	20.64	15.46	18593
1630	21.59	12.94	18376
1631	22.51	10.42	18545
1632	23.42	7.89	18164
1633	20.59	7.98	18643
1634	17.82	8.02	18662
1635	15.07	8.03	18420
1636	12.34	8.03	17910
1637	9.60	8.02	18187
1638	6.86	8.01	18012
1639	4.12	8.00	15494
1640	1.37	7.99	18633
1641	13.17	25.65	14868
1642	14.38	23.16	18689
1643	15.52	20.66	18633
1644	16.60	18.15	18360
1645	17.63	15.63	14003
1646	18.63	13.09	17615
1647	19.61	10.55	18662
1648	16.77	10.61	15039
1649	13.96	10.64	18469
1650	11.16	10.65	18536
1651	8.37	10.65	18713
1652	5.58	10.64	18684
1653	2.79	10.63	18688
1654	0.00	10.63	18696
1655	11.18	23.27	16752
1656	12.40	20.78	15388
1657	13.55	18.26	18320
1658	14.66	15.73	15027
1659	15.72	13.18	17483
1660	12.84	13.23	14284
1661	9.98	13.25	13899
1662	7.12	13.25	18512
1663	4.27	13.25	15976
1664	1.42	13.24	18654
1665	7.98	23.34	18688
1666	9.29	20.85	16115
1667	10.53	18.33	18699
1668	11.70	15.79	16847
1669	8.77	15.82	18402
1670	5.84	15.83	17944
1671	2.92	15.83	18705
1672	0.00	15.83	18697
1673	6.19	20.88	15879
1674	7.51	18.36	18460
1675	4.50	18.38	17172
1676	1.50	18.38	18694
1677	3.09	20.90	18623
1776	111.74	23.39	13472
1795	121.99	20.98	18679
1796	119.51	22.39	18680
1797	117.00	23.77	18666
1798	114.44	25.10	18674
1799	111.84	26.40	10883
1815	122.27	23.97	18654
1816	119.74	25.39	18671
1817	117.17	26.78	18698
1818	114.54	28.13	18650
1819	111.87	29.43	10524
1820	109.14	30.69	4183
1831	125.08	25.48	18686
1832	122.53	26.96	18665
1833	119.93	28.40	18710
1834	117.28	29.81	18619
1835	114.56	31.18	8973
1845	125.39	28.46	18476
1846	122.76	29.96	18310
1847	120.07	31.43	18661
1848	117.30	32.86	14739
1849	114.45	34.24	1445
1855	128.33	29.88	18670
1856	125.67	31.44	14478
1857	122.93	32.97	14088
1858	120.12	34.47	3104
1863	128.67	32.83	15933
1864	125.90	34.43	1913
1867	131.78	34.11	4773
1868	21.99	27.47	13655
1869	23.03	24.94	16796
1870	24.02	22.41	14991
1872	25.89	17.35	18191
1874	42.27	7.58	9724
1875	28.49	9.82	15547
1876	37.95	4.51	18639
1877	35.80	2.96	18686
1878	31.00	2.21	18692
1879	33.12	4.31	18585
1880	32.34	6.87	18570
1881	31.53	9.39	17464
1882	30.71	11.90	18525
1883	29.87	14.41	18630
1884	29.01	16.94	18397
1885	28.13	19.47	18442
1886	27.23	22.00	17347
1887	26.30	24.55	18517
1888	25.33	27.10	18224
1889	24.33	29.65	2819
1897	39.58	9.01	18427
1898	37.42	7.47	17869
1899	35.27	5.92	18662
1900	34.55	8.64	12399
1901	33.77	11.25	16359
1902	32.96	13.82	17521
1903	32.14	16.38	16523
1904	31.30	18.93	15570
1905	30.44	21.49	9116
1906	29.56	24.05	17337
1907	28.66	26.62	13156
1908	27.73	29.20	522
1915	41.19	13.43	286
1916	38.96	11.87	15419
1917	36.75	10.28	12360
1918	36.01	12.98	15379
1919	35.24	15.62	12024
1920	34.45	18.23	6303
1921	33.63	20.83	5925
1922	32.81	23.43	7893
1923	31.96	26.03	13977
1924	31.10	28.64	768
1932	38.27	14.63	6137
1933	37.54	17.34	4029
1936	35.23	25.31	6336
1937	34.43	27.96	11102
1938	33.62	30.61	4849
1947	37.70	27.14	3471
2058	177.30	0.00	18657
2059	174.60	0.00	18635
2060	171.91	0.00	18661
2062	166.56	0.00	18634
2065	158.61	0.00	18632
2066	150.67	-7.31	18327
2067	149.84	-4.80	18694
2068	150.61	0.00	18646
2069	151.95	-2.66	18689
2070	154.63	-2.71	18668
2071	157.28	-2.71	18691
2072	159.92	-2.71	18676
2073	162.56	-2.70	18690
2074	165.22	-2.70	18673
2075	167.89	-2.69	18650
2076	170.56	-2.68	18681
2077	173.25	-2.68	18689
2078	175.95	-2.67	18687
2079	178.65	-2.67	18656
2088	153.68	-7.69	16318
2089	152.83	-5.19	18669
2090	155.66	-5.33	18688
2091	158.39	-5.37	18688
2092	161.09	-5.38	18673
2093	163.78	-5.38	18686
2094	166.47	-5.38	18710
2095	169.16	-5.37	18685
2096	171.86	-5.35	18678
2097	174.57	-5.34	18672
2098	177.28	-5.34	18702
2099	180.00	-5.33	18701
2107	156.58	-7.89	17420
2108	159.41	-7.98	18650
2109	162.18	-8.02	18659
2110	164.93	-8.03	18685
2111	167.66	-8.03	18652
2112	170.40	-8.02	18379
2113	173.14	-8.01	18183
2114	175.88	-8.00	17908
2115	178.63	-7.99	17716
2163	268.36	33.59	1731
2343	357.30	0.00	18651
2344	354.60	0.00	18663
2345	351.91	0.00	18648
2347	346.56	0.00	18637
2349	332.35	-12.32	560
2350	338.61	0.00	18635
2351	330.67	-7.31	14086
2352	329.84	-4.80	17006
2353	330.61	0.00	18655
2354	331.95	-2.66	18094
2355	334.63	-2.71	18622
2356	337.28	-2.71	18683
2357	339.92	-2.71	17412
2358	342.56	-2.70	18333
2359	345.22	-2.70	18620
2360	347.89	-2.69	18659
2361	350.56	-2.68	17194
2362	353.25	-2.68	18690
2363	355.95	-2.67	18657
2364	358.65	-2.67	18472
2371	335.41	-12.69	3862
2372	334.54	-10.19	9699
2373	333.68	-7.69	18126
2374	332.83	-5.19	16718
2375	335.66	-5.33	14643
2376	338.39	-5.37	14421
2377	341.09	-5.38	16065
2378	343.78	-5.38	14128
2379	346.47	-5.38	16866
2380	349.16	-5.37	18309
2381	351.86	-5.35	16512
2382	354.57	-5.34	18648
2383	357.28	-5.34	18681
2384	0.00	-5.33	18707
2390	338.41	-12.94	28
2391	337.49	-10.42	6083
2392	336.58	-7.89	15751
2393	339.41	-7.98	13757
2394	342.18	-8.02	10920
2395	344.93	-8.03	5594
2396	347.66	-8.03	18637
2397	350.40	-8.02	18666
2398	353.14	-8.01	18587
2399	355.88	-8.00	18226
2400	358.63	-7.99	18563
2406	341.37	-13.09	6565
2407	340.39	-10.55	6699
2408	343.23	-10.61	10780
2409	346.04	-10.64	16586
2410	348.84	-10.65	18636
2411	351.63	-10.65	17900
2412	354.42	-10.64	14342
2413	357.21	-10.63	18217
2414	0.00	-10.63	18368
2419	344.28	-13.18	1519
2420	347.16	-13.23	9520
2421	350.02	-13.25	12862
2422	352.88	-13.25	16405
2423	355.73	-13.25	15073
2424	358.58	-13.24	12871
2448	271.64	33.59	4621
2723	182.70	0.00	18513
2724	185.40	0.00	18635
2725	188.09	0.00	18628
2726	204.97	19.88	18702
2727	193.44	0.00	18643
2728	206.78	14.84	18677
2729	207.65	12.32	18679
2730	201.39	0.00	18627
2731	209.33	7.31	18684
2732	210.16	4.80	18667
2733	209.39	0.00	18644
2734	208.05	2.66	18682
2735	205.37	2.71	18658
2736	202.72	2.71	18679
2737	200.08	2.71	18668
2738	197.44	2.70	18689
2739	194.78	2.70	18695
2740	192.11	2.69	18659
2741	189.44	2.68	18691
2742	186.75	2.68	18689
2743	184.05	2.67	18672
2744	181.35	2.67	18673
2745	198.63	27.77	18685
2746	199.74	25.26	18667
2747	200.80	22.74	18693
2748	201.80	20.23	18700
2749	202.77	17.71	18690
2750	203.69	15.20	18690
2751	204.59	12.69	18682
2752	205.46	10.19	18670
2753	206.32	7.69	18672
2754	207.17	5.19	18666
2755	204.34	5.33	18681
2756	201.61	5.37	18678
2757	198.91	5.38	18659
2758	196.22	5.38	18675
2759	193.53	5.38	18702
2760	190.84	5.37	18694
2761	188.14	5.35	18683
2762	185.43	5.34	18621
2763	182.72	5.34	18674
2764	180.00	5.33	18691
2765	196.45	25.49	18663
2766	197.58	22.99	18688
2767	198.65	20.48	18685
2768	199.67	17.97	18683
2769	200.64	15.46	18672
2770	201.59	12.94	18687
2771	202.51	10.42	18699
2772	203.42	7.89	18702
2773	200.59	7.98	18681
2774	197.82	8.02	18675
2775	195.07	8.03	18680
2776	192.34	8.03	18671
2777	189.60	8.02	18680
2778	186.86	8.01	18654
2779	184.12	8.00	18668
2780	181.37	7.99	18665
2781	193.17	25.65	18708
2782	194.38	23.16	18700
2783	195.52	20.66	18721
2784	196.60	18.15	18715
2785	197.63	15.63	18695
2786	198.63	13.09	18685
2787	199.61	10.55	18669
2788	196.77	10.61	18675
2789	193.96	10.64	18695
2790	191.16	10.65	18638
2791	188.37	10.65	18697
2792	185.58	10.64	18697
2793	182.79	10.63	18684
2794	180.00	10.63	18712
2795	191.18	23.27	18695
2796	192.40	20.78	18673
2797	193.55	18.26	18671
2798	194.66	15.73	18677
2799	195.72	13.18	18422
2800	192.84	13.23	18667
2801	189.98	13.25	18676
2802	187.12	13.25	18666
2803	184.27	13.25	18660
2804	181.42	13.24	18667
2805	187.98	23.34	18691
2806	189.29	20.85	18717
2807	190.53	18.33	18701
2808	191.70	15.79	18689
2809	188.77	15.82	18694
2810	185.84	15.83	18686
2811	182.92	15.83	18691
2812	180.00	15.83	18691
2813	186.19	20.88	18713
2814	187.51	18.36	18699
2815	184.50	18.38	18722
2816	181.50	18.38	18713
2817	183.09	20.90	18710
2913	199.76	32.52	13241
2932	194.90	35.21	1420
2933	196.22	32.75	16817
2934	197.46	30.26	18670
2935	162.54	30.26	18671
2936	163.78	32.75	14886
2937	165.10	35.21	1722
2952	192.65	32.89	15093
2953	193.99	30.45	18704
2954	195.26	27.98	18692
2955	166.01	30.45	18704
2956	167.35	32.89	15616
2968	189.05	32.97	10100
2969	190.51	30.56	18705
2970	191.88	28.12	18727
2971	168.12	28.12	18701
2972	169.49	30.56	18710
2973	170.95	32.97	10600
2981	185.44	33.01	14217
2982	187.02	30.62	18711
2983	188.50	28.20	18716
2984	189.88	25.75	18680
2985	171.50	28.20	18723
2986	172.98	30.62	18699
2987	174.56	33.01	13404
2988	176.25	35.37	76
2990	180.00	35.37	799
2991	181.81	33.02	13500
2992	183.51	30.65	18691
2993	185.10	28.24	18691
2994	186.59	25.81	18709
2995	173.41	25.81	18707
2996	174.90	28.24	18697
2997	176.49	30.65	18718
2998	178.19	33.02	13043
2999	180.00	30.66	18718
3000	181.70	28.26	18686
3001	183.30	25.83	18708
3002	184.79	23.38	18700
3003	176.70	25.83	18709
3004	178.30	28.26	18691
3005	180.00	25.84	18694
3006	181.60	23.39	18700
3007	178.40	23.39	18690
3109	137.73	-7.58	18195
3111	142.05	-4.51	18675
3112	144.20	-2.96	18685
3113	149.00	-2.21	18679
3114	146.88	-4.31	18698
3115	147.66	-6.87	18677
3133	142.58	-7.47	18388
3134	144.73	-5.92	18670
3220	203.28	32.19	17355
3221	202.19	34.73	512
3240	205.77	34.35	3693
3256	209.31	33.86	8317
3280	215.47	35.23	3920
3391	190.77	0.00	18659
3393	196.10	0.00	18640
3394	198.75	0.00	18676
3396	204.03	0.00	18675
3397	206.67	0.00	18642
3398	211.00	-2.21	18683
3399	208.05	-2.66	18684
3400	207.17	-5.19	18663
3401	206.32	-7.69	18699
3410	181.35	-2.67	18651
3411	184.05	-2.67	18703
3412	186.75	-2.68	18677
3413	189.44	-2.68	18625
3414	192.11	-2.69	18682
3415	194.78	-2.70	18651
3416	197.44	-2.70	18698
3417	200.08	-2.71	18668
3418	202.72	-2.71	18681
3419	205.37	-2.71	18648
3420	204.34	-5.33	18679
3421	203.42	-7.89	18718
3430	182.72	-5.34	18698
3431	185.43	-5.34	18677
3432	188.14	-5.35	18680
3433	190.84	-5.37	18692
3434	193.53	-5.38	18704
3435	196.22	-5.38	18657
3436	198.91	-5.38	18688
3437	201.61	-5.37	18695
3438	200.59	-7.98	18661
3446	181.37	-7.99	17672
3447	184.12	-8.00	17867
3448	186.86	-8.01	18420
3449	189.60	-8.02	18564
3450	192.34	-8.03	18666
3451	195.07	-8.03	18697
3452	197.82	-8.02	18644
3491	270.00	24.03	16629
3492	270.00	26.67	9915
3493	272.58	30.97	13396
3771	131.08	12.13	18690
3773	135.54	9.10	18678
3774	137.73	7.58	18696
3775	139.90	-6.05	18683
3776	142.05	4.51	18661
3777	144.20	2.96	18669
3778	146.40	-1.37	18676
3779	143.75	0.00	18657
3780	141.55	-1.53	18665
3781	139.40	-3.07	18682
3782	137.25	-4.60	18669
3783	135.08	-6.12	18697
3784	132.89	-7.64	17730
3790	121.45	15.02	18632
3791	123.81	13.58	18668
3792	126.13	12.13	18679
3793	128.42	10.65	18686
3794	130.67	9.15	18680
3795	132.89	7.64	18686
3796	135.08	6.12	18697
3797	137.25	4.60	18671
3798	139.40	3.07	18681
3799	141.55	1.53	18646
3800	139.20	0.00	18648
3801	136.95	-1.54	18673
3802	134.75	-3.08	18680
3803	132.55	-4.61	18703
3804	130.33	-6.13	18690
3810	121.20	12.03	18644
3811	123.54	10.59	18624
3812	125.83	9.13	18679
3813	128.10	7.64	18684
3814	130.33	6.13	18688
3815	132.55	4.61	18665
3816	134.75	3.08	18690
3817	136.95	1.54	18655
3818	134.62	0.00	18620
3819	132.35	-1.54	18631
3820	130.10	-3.08	18685
3821	127.85	-4.60	18680
3826	118.63	10.46	18670
3827	120.99	9.04	18629
3828	123.30	7.58	18642
3829	125.59	6.10	18648
3830	127.85	4.60	18659
3831	130.10	3.08	18667
3832	132.35	1.54	18641
3833	130.02	0.00	18656
3834	127.72	-1.54	18671
3835	125.43	-3.06	18667
3841	120.81	6.04	18629
3842	123.13	4.56	18627
3843	125.43	3.06	18681
3844	127.72	1.54	18594
3845	125.37	0.00	18619
3853	123.04	1.52	18650
3863	201.99	27.47	18709
3864	203.03	24.94	18702
3865	204.02	22.41	18704
3866	228.92	12.13	18690
3867	205.89	17.35	18718
3868	224.46	9.10	18692
3869	222.27	7.58	18684
3870	208.49	9.82	18706
3871	217.95	4.51	18664
3872	215.80	2.96	18682
3873	211.00	2.21	18671
3874	213.12	4.31	18685
3875	212.34	6.87	18677
3876	211.53	9.39	18667
3877	210.71	11.90	18664
3878	209.87	14.41	18702
3879	209.01	16.94	18659
3880	208.13	19.47	18667
3881	207.23	22.00	18679
3882	206.30	24.55	18697
3883	205.33	27.10	18691
3884	204.33	29.65	18705
3885	235.57	19.54	18676
3886	233.18	18.08	18697
3887	230.82	16.60	18707
3888	228.51	15.10	18689
3889	226.23	13.59	18673
3890	223.98	12.07	18705
3891	221.77	10.54	18683
3892	219.58	9.01	18665
3893	217.42	7.47	18662
3894	215.27	5.92	18672
3895	214.55	8.64	18691
3896	213.77	11.25	18654
3897	212.96	13.82	18680
3898	212.14	16.38	18690
3899	211.30	18.93	18699
3900	210.44	21.49	18675
3901	209.56	24.05	18686
3902	208.66	26.62	18696
3903	207.73	29.20	18703
3904	206.77	31.77	18680
3905	232.81	21.04	18699
3906	230.41	19.54	18711
3907	228.05	18.03	18677
3908	225.73	16.51	18672
3909	223.44	14.98	18675
3910	221.19	13.43	18689
3911	218.96	11.87	18700
3912	216.75	10.28	18682
3913	216.01	12.98	18670
3914	215.24	15.62	18693
3915	214.45	18.23	18568
3916	213.63	20.83	18682
3917	212.81	23.43	18701
3918	211.96	26.03	18683
3919	211.10	28.64	18692
3920	210.22	31.25	18692
3921	232.42	23.99	18681
3922	229.97	22.47	18672
3923	227.56	20.94	18699
3924	225.18	19.39	18714
3925	222.85	17.83	18699
3926	220.54	16.24	18683
3927	218.27	14.63	18697
3928	217.54	17.34	18660
3929	216.79	20.01	18678
3930	216.01	22.66	18693
3931	215.23	25.31	18697
3932	214.43	27.96	18698
3933	213.62	30.61	18695
3934	212.79	33.26	12906
3935	229.52	25.38	18706
3936	227.04	23.82	18715
3937	224.61	22.23	18688
3938	222.22	20.63	18693
3939	219.86	19.00	18687
3940	219.16	21.73	18676
3941	218.44	24.44	18695
3942	217.70	27.14	18708
3943	216.96	29.83	18677
3944	216.22	32.53	18100
3945	229.07	28.29	18693
3946	226.52	26.68	18698
3947	224.02	25.06	18691
3948	221.57	23.41	18699
3949	220.90	26.17	18703
3950	220.23	28.92	18703
3951	219.57	31.67	18701
3952	218.90	34.43	11354
3953	226.00	29.54	18694
3954	223.42	27.87	18701
3955	222.83	30.67	18699
3956	222.24	33.48	8833
3957	225.49	32.40	14443
4246	48.92	-12.13	18696
4248	44.46	-9.10	18061
4249	42.27	-7.58	18698
4250	40.10	6.05	18629
4251	37.95	-4.51	18661
4252	35.80	-2.96	18677
4253	33.60	1.37	18659
4254	36.25	0.00	18656
4255	38.45	1.53	18663
4256	40.60	3.07	18680
4257	42.75	4.60	17910
4265	58.55	-15.02	18673
4266	56.19	-13.58	18671
4267	53.87	-12.13	18711
4268	51.58	-10.65	16984
4269	49.33	-9.15	14835
4270	47.11	-7.64	15999
4271	44.92	-6.12	17826
4272	42.75	-4.60	18685
4273	40.60	-3.07	18694
4274	38.45	-1.53	18672
4275	40.80	0.00	18651
4276	43.05	1.54	18665
4277	45.25	3.08	18201
4285	58.80	-12.03	5391
4286	56.46	-10.59	15135
4287	54.17	-9.13	18212
4288	51.90	-7.64	12196
4289	49.67	-6.13	14863
4290	47.45	-4.61	17744
4291	45.25	-3.08	15129
4292	43.05	-1.54	18658
4293	45.38	0.00	18051
4294	47.65	1.54	11902
4301	61.37	-10.46	10856
4302	59.01	-9.04	18462
4303	56.70	-7.58	18668
4304	54.41	-6.10	18515
4305	52.15	-4.60	18099
4306	49.90	-3.08	16155
4307	47.65	-1.54	18194
4308	49.98	0.00	17379
4315	61.54	-7.48	16195
4316	59.19	-6.04	18510
4317	56.87	-4.56	15596
4318	54.57	-3.06	13973
4319	52.28	-1.54	17614
4320	54.63	0.00	14862
4325	64.04	-5.93	17082
4326	61.66	-4.49	18636
4327	59.30	-3.02	11756
4333	64.13	-2.97	18562
5024	60.94	-16.42	18688
5043	63.57	-14.81	13424
5044	61.16	-13.44	16881
5059	66.17	-13.19	16544
5060	63.75	-11.85	13620
5073	66.32	-10.26	17429
5074	63.91	-8.89	18125
5083	68.90	-8.68	18300
5084	66.46	-7.32	17772
5092	66.55	-4.39	16447
5200	220.10	-6.05	18666
5201	209.33	-7.31	18599
5202	210.16	-4.80	18680
5203	213.60	-1.37	18660
5204	213.12	-4.31	18686
5205	215.27	-5.92	18663
5206	217.42	-7.47	18625
5224	212.34	-6.87	18686
5288	124.11	16.57	18650
5289	126.47	15.11	18696
5290	128.79	13.63	18689
5291	155.03	19.88	18664
5292	133.32	10.62	18683
5293	153.22	14.84	18700
5294	152.35	12.32	18600
5295	139.90	6.05	18671
5296	150.67	7.31	18662
5297	149.84	4.80	18688
5298	146.40	1.37	18672
5299	146.88	4.31	18690
5300	144.73	5.92	18671
5301	142.58	7.47	18664
5302	140.42	9.01	18663
5303	138.23	10.54	18669
5304	136.02	12.07	18704
5305	133.77	13.59	18693
5306	131.49	15.10	18679
5307	129.18	16.60	18678
5308	126.82	18.08	18692
5309	124.43	19.54	18691
5310	155.67	29.65	18700
5311	154.67	27.10	18705
5312	153.70	24.55	18353
5313	152.77	22.00	18635
5314	151.87	19.47	18683
5315	150.99	16.94	18699
5316	150.13	14.41	18687
5317	149.29	11.90	18688
5318	148.47	9.39	18654
5319	147.66	6.87	18685
5320	145.45	8.64	18685
5321	143.25	10.28	18685
5322	141.04	11.87	18697
5323	138.81	13.43	18701
5324	136.56	14.98	18674
5325	134.27	16.51	18667
5326	131.95	18.03	18682
5327	129.59	19.54	18705
5328	127.19	21.04	18687
5329	124.75	22.51	18676
5330	152.27	29.20	18681
5331	151.34	26.62	18700
5332	150.44	24.05	18692
5333	149.56	21.49	18671
5334	148.70	18.93	18704
5335	147.86	16.38	18681
5336	147.04	13.82	18688
5337	146.23	11.25	18660
5338	143.99	12.98	18671
5339	141.73	14.63	18675
5340	139.46	16.24	18665
5341	137.15	17.83	18703
5342	134.82	19.39	18709
5343	132.44	20.94	18700
5344	130.03	22.47	18687
5345	127.58	23.99	18664
5346	149.78	31.25	18697
5347	148.90	28.64	18721
5348	148.04	26.03	18691
5349	147.19	23.43	18687
5350	146.37	20.83	18704
5351	145.55	18.23	18695
5352	144.76	15.62	18685
5353	142.46	17.34	18684
5354	140.14	19.00	18682
5355	137.78	20.63	18718
5356	135.39	22.23	18701
5357	132.96	23.82	18721
5358	130.48	25.38	18715
5359	127.96	26.93	18656
5360	146.38	30.61	18709
5361	145.57	27.96	18705
5362	144.77	25.31	18715
5363	143.99	22.66	18717
5364	143.21	20.01	18678
5365	140.84	21.73	18670
5366	138.43	23.41	18713
5367	135.98	25.06	18688
5368	133.48	26.68	18695
5369	130.93	28.29	18675
5370	143.78	32.53	16976
5371	143.04	29.83	18686
5372	142.30	27.14	18734
5373	141.56	24.44	18695
5374	139.10	26.17	18684
5375	136.58	27.87	18715
5376	134.00	29.54	18690
5377	131.37	31.20	18683
5378	140.43	31.67	18711
5379	139.77	28.92	18718
5380	137.17	30.67	18704
5381	134.51	32.40	14531
5382	137.76	33.48	12456
5383	158.01	27.47	18700
5384	156.97	24.94	18620
5385	155.98	22.41	18728
5386	169.23	0.00	18654
5387	154.11	17.35	18707
5388	163.90	0.00	18642
5389	161.25	0.00	18664
5390	151.51	9.82	18678
5391	155.97	0.00	18659
5392	153.33	0.00	18652
5393	149.00	2.21	18696
5394	151.95	2.66	18665
5395	152.83	5.19	18676
5396	153.68	7.69	18675
5397	154.54	10.19	18685
5398	155.41	12.69	18684
5399	156.31	15.20	18663
5400	157.23	17.71	18693
5401	158.20	20.23	18687
5402	159.20	22.74	18692
5403	160.26	25.26	18680
5404	161.37	27.77	18701
5405	178.65	2.67	18666
5406	175.95	2.67	18674
5407	173.25	2.68	18686
5408	170.56	2.68	18668
5409	167.89	2.69	18667
5410	165.22	2.70	18670
5411	162.56	2.70	18669
5412	159.92	2.71	18672
5413	157.28	2.71	18684
5414	154.63	2.71	18665
5415	155.66	5.33	18693
5416	156.58	7.89	18685
5417	157.49	10.42	18697
5418	158.41	12.94	18686
5419	159.36	15.46	18664
5420	160.33	17.97	18680
5421	161.35	20.48	18691
5422	162.42	22.99	18690
5423	163.55	25.49	18660
5424	164.74	27.98	18684
5425	177.28	5.34	18702
5426	174.57	5.34	18679
5427	171.86	5.35	18663
5428	169.16	5.37	18673
5429	166.47	5.38	18673
5430	163.78	5.38	18674
5431	161.09	5.38	18689
5432	158.39	5.37	18700
5433	159.41	7.98	18687
5434	160.39	10.55	18692
5435	161.37	13.09	18684
5436	162.37	15.63	18705
5437	163.40	18.15	18708
5438	164.48	20.66	18691
5439	165.62	23.16	18716
5440	166.83	25.65	18694
5441	178.63	7.99	18663
5442	175.88	8.00	18674
5443	173.14	8.01	18666
5444	170.40	8.02	18678
5445	167.66	8.03	18675
5446	164.93	8.03	18674
5447	162.18	8.02	18665
5448	163.23	10.61	18706
5449	164.28	13.18	18709
5450	165.34	15.73	18661
5451	166.45	18.26	18670
5452	167.60	20.78	18649
5453	168.82	23.27	18682
5454	170.12	25.75	18686
5455	177.21	10.63	18700
5456	174.42	10.64	18694
5457	171.63	10.65	18703
5458	168.84	10.65	18692
5459	166.04	10.64	18708
5460	167.16	13.23	18677
5461	168.30	15.79	18687
5462	169.47	18.33	18715
5463	170.71	20.85	18692
5464	172.02	23.34	18690
5465	178.58	13.24	18665
5466	175.73	13.25	18656
5467	172.88	13.25	18666
5468	170.02	13.25	18670
5469	171.23	15.82	18687
5470	172.49	18.36	18690
5471	173.81	20.88	18666
5472	175.21	23.38	18682
5473	177.08	15.83	18696
5474	174.16	15.83	18673
5475	175.50	18.38	18702
5476	176.91	20.90	18632
5477	178.50	18.38	18706
5478	338.01	27.47	17283
5479	336.97	24.94	15798
5480	335.98	22.41	11117
5481	349.23	0.00	18646
5482	334.11	17.35	15216
5483	343.90	0.00	18630
5484	341.25	0.00	18661
5485	331.51	9.82	18678
5486	335.97	0.00	18647
5487	333.33	0.00	18646
5488	329.00	2.21	18670
5489	331.95	2.66	18653
5490	332.83	5.19	18676
5491	333.68	7.69	18671
5492	334.54	10.19	18669
5493	335.41	12.69	16464
5494	336.31	15.20	18238
5495	337.23	17.71	15920
5496	338.20	20.23	8689
5497	339.20	22.74	14531
5498	340.26	25.26	17742
5499	341.37	27.77	18171
5500	358.65	2.67	18668
5501	355.95	2.67	18686
5502	353.25	2.68	18666
5503	350.56	2.68	15937
5504	347.89	2.69	18589
5505	345.22	2.70	18671
5506	342.56	2.70	18619
5507	339.92	2.71	18640
5508	337.28	2.71	18662
5509	334.63	2.71	18630
5510	335.66	5.33	18707
5511	336.58	7.89	18700
5512	337.49	10.42	18690
5513	338.41	12.94	18566
5514	339.36	15.46	18534
5515	340.33	17.97	10834
5516	341.35	20.48	2664
5517	342.42	22.99	9856
5518	343.55	25.49	12950
5519	344.74	27.98	10180
5520	357.28	5.34	18691
5521	354.57	5.34	18676
5522	351.86	5.35	18360
5523	349.16	5.37	18665
5524	346.47	5.38	18588
5525	343.78	5.38	18691
5526	341.09	5.38	18690
5527	338.39	5.37	18685
5528	339.41	7.98	18671
5529	340.39	10.55	18684
5530	341.37	13.09	18678
5531	342.37	15.63	18701
5532	343.40	18.15	16321
5533	344.48	20.66	8800
5534	345.62	23.16	6775
5535	346.83	25.65	14565
5536	358.63	7.99	18647
5537	355.88	8.00	18655
5538	353.14	8.01	18206
5539	350.40	8.02	18679
5540	347.66	8.03	18685
5541	344.93	8.03	18678
5542	342.18	8.02	18675
5543	343.23	10.61	18691
5544	344.28	13.18	18652
5545	345.34	15.73	16262
5546	346.45	18.26	15700
5547	347.60	20.78	16685
5548	348.82	23.27	16630
5549	350.12	25.75	12900
5550	357.21	10.63	15794
5551	354.42	10.64	17595
5552	351.63	10.65	11566
5553	348.84	10.65	18653
5554	346.04	10.64	16273
5555	347.16	13.23	15044
5556	348.30	15.79	15104
5557	349.47	18.33	18225
5558	350.71	20.85	13934
5559	352.02	23.34	17092
5560	358.58	13.24	18649
5561	355.73	13.25	18642
5562	352.88	13.25	18522
5563	350.02	13.25	18441
5564	351.23	15.82	18688
5565	352.49	18.36	18686
5566	353.81	20.88	10620
5567	355.21	23.38	14143
5568	357.08	15.83	18415
5569	354.16	15.83	18362
5570	355.50	18.38	18261
5571	356.91	20.90	10852
5572	358.50	18.38	17249
5668	235.89	16.57	18647
5669	233.53	15.11	18700
5670	231.21	13.63	18688
5672	226.68	10.62	18688
5674	222.27	-7.58	18608
5675	220.10	6.05	18684
5676	217.95	-4.51	18670
5677	215.80	-2.96	18684
5678	213.60	1.37	18656
5679	216.25	0.00	18644
5680	218.45	1.53	18660
5681	220.60	3.07	18667
5682	222.75	4.60	18682
5683	224.92	6.12	18701
5684	227.11	7.64	18707
5685	229.33	9.15	18700
5686	231.58	10.65	18699
5687	233.87	12.13	18696
5688	236.19	13.58	18676
5689	238.55	15.02	16326
5696	224.92	-6.12	18674
5697	222.75	-4.60	18667
5698	220.60	-3.07	18700
5699	218.45	-1.53	18663
5700	220.80	0.00	18647
5701	223.05	1.54	18669
5702	225.25	3.08	18682
5703	227.45	4.61	18666
5704	229.67	6.13	18696
5705	231.90	7.64	18706
5706	234.17	9.13	18704
5707	236.46	10.59	18683
5708	238.80	12.03	18666
5709	241.16	13.44	18000
5716	225.25	-3.08	18682
5717	223.05	-1.54	18677
5718	225.38	0.00	18623
5719	227.65	1.54	18676
5720	229.90	3.08	18529
5721	232.15	4.60	18683
5722	234.41	6.10	18681
5723	236.70	7.58	18693
5724	239.01	9.04	18680
5725	241.37	10.46	18679
5732	227.65	-1.54	18660
5733	229.98	0.00	18667
5734	232.28	1.54	18669
5735	234.57	3.06	18680
5736	236.87	4.56	18679
5737	239.19	6.04	18686
5738	241.54	7.48	18648
5739	243.91	8.89	18682
5745	234.63	0.00	18629
5746	236.96	1.52	18665
5747	239.30	3.02	18653
5748	241.66	4.49	18654
5749	244.04	5.93	18709
5755	241.73	1.50	16982
5756	244.13	2.97	18621
5757	246.55	4.39	18665
5760	244.16	0.00	16695
5761	246.60	1.46	18576
5766	336.11	19.90	6564
5767	314.40	10.64	15977
5768	334.30	14.86	18284
5769	333.43	12.34	15840
5770	320.97	6.07	18671
5771	331.75	7.33	18681
5772	330.92	4.82	18682
5773	327.48	1.39	18687
5774	327.96	4.33	18683
5775	325.81	5.94	18680
5776	323.66	7.49	18650
5777	321.49	9.03	18658
5778	319.31	10.56	17526
5779	317.09	12.09	14948
5785	336.74	29.67	7380
5786	335.74	27.12	18357
5787	334.77	24.57	18362
5788	333.84	22.02	13883
5789	332.94	19.49	16477
5790	332.06	16.96	18353
5791	331.21	14.43	17604
5792	330.37	11.92	14942
5793	329.55	9.41	18682
5794	328.74	6.89	18676
5795	326.53	8.66	18673
5796	324.33	10.30	18671
5797	322.12	11.89	12411
5798	319.89	13.45	14341
5799	317.63	14.99	16393
5805	333.34	29.22	15844
5806	332.41	26.65	15259
5807	331.51	24.08	18591
5808	330.63	21.51	18507
5809	329.78	18.95	18348
5810	328.94	16.40	18381
5811	328.12	13.84	18390
5812	327.31	11.27	18480
5813	325.06	13.00	17103
5814	322.81	14.65	16109
5815	320.53	16.26	13792
5823	329.11	26.06	17804
5824	328.27	23.45	18686
5825	327.44	20.85	18658
5826	326.63	18.25	17397
5827	325.84	15.64	18592
5828	323.54	17.36	11634
5829	321.21	19.02	11114
5838	325.06	22.68	14065
5839	324.29	20.03	9886
5858	329.36	0.02	18637
5860	32.80	0.02	18663
5862	271.07	31.72	9296
5866	149.36	-0.02	18634
5868	212.80	-0.02	18653
5880	1.08	20.93	18633
5887	181.08	20.88	18696
5898	160.18	29.98	18697
5901	181.08	-0.02	18508
5903	1.08	0.02	18646
5904	122.80	17.99	18658
5909	340.17	30.02	7720
5911	201.98	29.98	18693
5912	21.99	30.02	319
5916	239.36	17.99	15939
6015	56.96	-16.55	18683
6017	52.28	-13.61	18699
6019	47.75	-10.61	18695
6020	27.86	-14.81	18689
6021	28.72	-12.30	18686
6022	41.18	-6.03	18679
6023	30.41	-7.29	18680
6024	31.23	-4.78	18683
6025	34.68	-1.35	18697
6026	34.20	-4.29	18670
6027	36.35	-5.90	18682
6028	38.50	-7.45	18682
6029	40.66	-8.99	18671
6030	42.85	-10.53	18694
6031	45.06	-12.05	18693
6032	47.30	-13.57	18684
6033	49.58	-15.08	18683
6034	51.90	-16.58	18705
6042	30.09	-16.91	18703
6043	30.94	-14.39	18690
6044	31.78	-11.88	18662
6045	32.61	-9.37	18700
6046	33.42	-6.85	18699
6047	35.62	-8.62	18719
6048	37.83	-10.26	18693
6049	40.04	-11.85	18692
6050	42.26	-13.41	18705
6051	44.52	-14.96	18689
6052	46.80	-16.49	18693
6053	49.12	-18.02	18690
6062	33.21	-16.36	18682
6063	34.04	-13.80	18661
6064	34.84	-11.23	18689
6065	37.09	-12.96	18694
6066	39.35	-14.61	18703
6067	41.62	-16.22	18690
6068	43.92	-17.81	18697
6078	35.52	-18.21	18684
6079	36.32	-15.60	18706
6080	38.61	-17.32	18702
6210	316.62	9.12	18618
6211	318.81	7.60	18680
6212	320.98	-6.03	16891
6213	323.13	4.53	18670
6214	325.28	2.98	18648
6215	327.48	-1.35	18645
6216	324.83	0.02	18658
6217	322.63	-1.51	18638
6218	320.48	-3.05	18687
6219	318.33	-4.58	18666
6220	316.16	-6.11	18595
6221	313.97	-7.62	8395
6232	313.97	7.66	18657
6233	316.16	6.14	18661
6234	318.33	4.62	18670
6235	320.48	3.08	18649
6236	322.63	1.55	18614
6237	320.28	0.02	18669
6238	318.03	-1.53	18666
6239	315.83	-3.07	15441
6240	313.63	-4.60	18470
6241	311.41	-6.12	10917
6242	309.18	-7.62	5463
6251	311.41	6.15	18365
6252	313.63	4.63	18406
6253	315.83	3.10	18590
6254	318.03	1.56	18690
6255	315.70	0.02	18664
6256	313.43	-1.53	18544
6257	311.18	-3.06	12468
6258	308.94	-4.58	10574
6268	311.18	3.09	18122
6269	313.43	1.56	18302
6270	311.10	0.02	16614
6281	308.80	1.55	17106
6303	11.85	0.02	18645
6304	26.97	-17.33	18697
6305	17.18	0.02	18660
6306	19.83	0.02	18657
6307	29.57	-9.80	18686
6308	25.11	0.02	18662
6309	27.75	0.02	18654
6310	32.08	-2.19	18664
6311	29.13	-2.64	18685
6312	28.24	-5.17	18683
6313	27.40	-7.67	18677
6314	26.54	-10.17	18670
6315	25.67	-12.67	18681
6316	24.77	-15.18	18688
6317	23.84	-17.69	18693
6322	2.43	-2.65	18677
6323	5.13	-2.65	18678
6324	7.83	-2.65	18676
6325	10.52	-2.66	18694
6326	13.19	-2.67	18688
6327	15.86	-2.67	18672
6328	18.52	-2.68	18693
6329	21.16	-2.69	18695
6330	23.80	-2.69	18682
6331	26.45	-2.68	18685
6332	25.42	-5.30	18710
6333	24.49	-7.87	18667
6334	23.58	-10.40	17704
6335	22.66	-12.92	18682
6336	21.72	-15.44	18693
6337	20.75	-17.95	18692
6342	3.80	-5.31	18672
6343	6.51	-5.32	18681
6344	9.22	-5.33	18690
6345	11.92	-5.34	18668
6346	14.61	-5.35	18664
6347	17.30	-5.36	18701
6348	19.99	-5.36	18689
6349	22.69	-5.35	18663
6350	21.67	-7.96	7212
6351	20.69	-10.53	2948
6352	19.71	-13.07	15527
6353	18.71	-15.60	18673
6354	17.68	-18.13	18697
6358	2.45	-7.97	12933
6359	5.20	-7.97	15648
6360	7.94	-7.98	14854
6361	10.68	-7.99	18497
6362	13.42	-8.00	14931
6363	16.15	-8.01	11013
6364	18.90	-7.99	4894
6366	16.80	-13.16	7941
6367	15.73	-15.71	17285
6368	14.63	-18.24	18663
6372	3.87	-10.61	12407
6373	6.66	-10.61	14631
6374	9.45	-10.62	15835
6375	12.24	-10.63	18016
6376	15.04	-10.62	9429
6377	13.92	-13.20	11032
6378	12.78	-15.77	12637
6382	2.50	-13.22	8971
6383	5.35	-13.22	4532
6384	8.20	-13.22	11934
6385	11.06	-13.22	14703
6490	241.79	19.39	17609
6491	244.27	20.76	18701
6492	246.78	22.10	18680
6494	251.92	24.62	18664
6497	259.93	28.04	18452
6500	268.48	30.97	11238
6501	265.93	33.01	4298
6502	262.95	32.08	8345
6503	260.09	31.05	8877
6504	257.30	29.97	15506
6505	254.56	28.83	18384
6506	251.87	27.64	18343
6507	249.23	26.39	18667
6508	246.63	25.09	18045
6509	244.07	23.76	14777
6510	241.56	22.38	18678
6511	239.08	20.97	18650
6522	260.61	34.10	1615
6523	257.61	33.03	6003
6524	254.73	31.88	15825
6525	251.93	30.68	15935
6526	249.20	29.42	14911
6527	246.52	28.12	18654
6528	243.90	26.77	18384
6529	241.33	25.38	17750
6530	238.80	23.95	18697
6531	236.32	22.50	18679
6540	255.16	34.95	2159
6541	252.17	33.75	8002
6542	249.29	32.49	14367
6543	246.50	31.17	16870
6544	243.79	29.80	18568
6545	241.14	28.39	18707
6546	238.54	26.94	18698
6547	235.99	25.47	18673
6554	252.67	36.81	1863
6555	249.57	35.56	71
6556	246.61	34.23	2906
6557	243.76	32.85	15921
6558	241.00	31.42	18699
6559	238.31	29.95	18702
6560	235.68	28.44	18692
6561	233.11	26.92	18695
6568	240.95	34.46	2346
6569	238.13	32.96	15392
6570	235.40	31.42	18661
6571	232.74	29.86	18698
6577	235.17	34.41	1465
6578	232.40	32.81	14981
6579	229.70	31.18	18722
6583	229.29	34.09	5625
6585	120.37	19.39	18693
6586	117.89	20.76	18688
6587	115.38	22.09	18665
6603	112.73	20.39	17191
6604	115.24	19.10	18700
6605	117.71	17.78	18664
6606	120.14	16.41	18697
6624	115.08	16.13	17051
6625	117.52	14.80	18665
6626	119.92	13.43	18685
6642	117.33	11.84	18425
6685	316.62	-9.09	14233
6686	318.81	-7.56	17737
6687	332.59	-9.80	13764
6688	323.13	-4.49	18169
6689	325.28	-2.94	18625
6690	330.08	-2.19	18545
6691	327.96	-4.29	18568
6692	328.74	-6.85	18377
6693	329.55	-9.37	8992
6694	330.38	-11.88	1842
6707	317.10	-12.05	5308
6708	319.31	-10.53	11788
6709	321.50	-8.99	12196
6710	323.66	-7.45	16808
6711	325.81	-5.90	18510
6712	326.53	-8.62	17866
6713	327.32	-11.23	8061
6728	322.12	-11.85	6990
6729	324.33	-10.26	5710
6730	325.07	-12.96	3479
6796	18.54	30.29	4010
6797	343.62	30.29	4092
6815	15.08	30.47	7707
6816	16.35	28.00	14030
6831	11.60	30.58	7239
6832	12.97	28.14	16681
6833	349.19	28.14	6524
6844	8.10	30.64	2156
6845	9.58	28.22	18489
6846	10.96	25.77	17640
6847	352.58	28.22	505
6848	354.06	30.64	1169
6854	4.59	30.67	138
6855	6.18	28.27	8659
6856	7.67	25.83	16866
6857	354.49	25.83	6911
6858	355.98	28.27	4210
6859	357.57	30.67	3195
6862	2.78	28.28	1790
6863	4.38	25.86	13616
6864	5.87	23.40	18615
6867	1.08	25.87	6392
6868	2.68	23.41	16490
6869	359.48	23.41	12037
6870	161.32	32.50	12883
6871	162.53	35.00	223
6890	158.90	34.71	226
6891	157.80	32.17	17075
6910	155.32	34.33	3550
6911	154.32	31.75	18686
6927	151.78	33.84	8279
6941	148.29	33.24	13245
6951	145.62	35.21	364
6959	142.19	34.41	3896
6963	139.42	36.27	161
6968	249.33	23.38	18660
6970	254.54	25.81	18659
6971	257.21	26.95	18584
6973	262.69	29.06	13782
6974	265.52	30.04	14270
6975	271.07	29.39	10075
6976	268.05	28.02	16991
6977	268.07	25.34	15417
6978	268.13	22.70	17263
6979	268.19	20.06	15669
6987	242.02	16.41	15923
6988	244.45	17.78	18355
6989	246.92	19.10	18648
6990	249.43	20.39	18710
6991	251.97	21.62	18687
6992	254.54	22.81	18706
6993	257.16	23.95	18630
6994	259.81	25.03	18652
6995	262.50	26.06	18687
6996	265.24	27.04	18602
6997	265.23	24.23	16197
6998	265.29	21.51	14291
6999	265.38	18.82	18145
7000	265.47	16.15	17384
7007	244.64	14.80	18700
7008	247.08	16.14	18625
7009	249.56	17.42	18678
7010	252.06	18.66	18717
7011	254.61	19.86	18700
7012	257.19	21.01	18656
7013	259.81	22.11	10677
7014	262.48	23.18	13614
7015	262.56	20.38	12587
7016	262.66	17.64	5130
7017	262.76	14.92	14639
7023	244.83	11.84	18685
7024	247.25	13.18	18698
7025	249.70	14.49	18661
7026	252.19	15.74	18647
7027	254.72	16.96	15102
7028	257.28	18.13	16155
7029	259.89	19.27	8269
7030	260.00	16.47	13571
7031	260.12	13.71	17262
7037	247.40	10.25	18674
7038	249.85	11.57	18672
7039	252.33	12.85	12725
7040	254.84	14.09	10590
7041	257.40	15.29	16354
7042	257.52	12.49	14699
7043	257.63	9.70	18619
7047	247.53	7.31	18668
7048	249.98	8.67	13851
7049	252.45	9.98	12933
7050	254.97	11.25	18489
7051	255.08	8.43	18576
7055	250.08	5.77	18570
7056	252.57	7.12	18628
7057	252.65	4.27	18677
7058	252.69	1.42	18520
7059	250.15	2.88	18641
7345	3.78	0.02	18645
7346	6.48	0.02	18661
7347	9.17	0.02	18640
7348	26.05	19.90	18464
7349	14.52	0.02	18669
7350	27.86	14.86	18475
7351	28.73	12.34	18489
7352	22.47	0.02	18665
7353	30.41	7.33	18537
7354	31.24	4.82	18512
7355	30.47	0.02	18663
7356	29.13	2.68	18686
7357	26.45	2.73	18657
7358	23.81	2.73	18669
7359	21.16	2.73	18665
7360	18.52	2.73	18671
7361	15.86	2.72	18630
7362	13.19	2.71	18660
7363	10.52	2.71	18678
7364	7.83	2.70	18686
7365	5.13	2.70	18668
7366	2.43	2.69	18686
7367	19.72	27.79	16351
7368	20.83	25.28	8839
7369	21.88	22.76	11312
7370	22.89	20.25	15061
7371	23.85	17.73	18668
7372	24.78	15.22	18569
7373	25.67	12.72	18327
7374	26.55	10.21	16538
7375	27.40	7.71	17809
7376	28.25	5.21	18509
7377	25.43	5.35	18528
7378	22.69	5.39	18662
7379	19.99	5.41	18680
7380	17.30	5.41	18500
7381	14.61	5.40	18068
7382	11.92	5.39	15640
7383	9.22	5.38	18630
7384	6.51	5.37	18687
7385	3.80	5.36	18658
7386	1.08	5.36	18650
7387	17.54	25.51	11095
7388	18.66	23.01	17916
7389	19.73	20.51	18453
7390	20.75	17.99	18636
7391	21.73	15.48	18558
7392	22.67	12.96	18389
7393	23.59	10.44	17745
7394	24.50	7.91	16231
7395	21.68	8.00	18630
7396	18.90	8.04	18682
7397	16.16	8.05	18498
7398	13.42	8.05	18135
7399	10.68	8.04	18107
7400	7.94	8.03	18486
7401	5.20	8.02	15405
7402	2.45	8.01	18588
7403	14.25	25.67	16262
7404	15.46	23.19	18704
7405	16.60	20.68	18625
7406	17.68	18.17	17977
7407	18.72	15.65	14405
7408	19.72	13.12	18620
7409	20.70	10.57	18619
7410	17.85	10.64	15119
7411	15.04	10.67	18056
7412	12.24	10.67	18551
7413	9.45	10.67	18626
7414	6.66	10.66	18702
7415	3.87	10.65	18678
7416	1.08	10.65	18710
7417	12.26	23.30	17081
7418	13.48	20.80	17676
7419	14.63	18.29	18444
7420	15.74	15.75	16709
7421	16.80	13.21	17891
7422	13.92	13.25	15681
7423	11.06	13.27	10656
7424	8.20	13.27	18595
7425	5.35	13.27	15444
7426	2.50	13.27	18673
7427	9.06	23.36	18704
7428	10.37	20.87	15262
7429	11.61	18.35	18379
7430	12.79	15.81	17879
7431	9.85	15.84	16726
7432	6.92	15.85	18641
7433	4.00	15.85	18404
7434	1.08	15.85	18682
7435	7.27	20.91	17719
7436	8.59	18.39	17886
7437	5.59	18.40	15961
7438	2.58	18.41	18694
7439	4.17	20.92	17221
7538	112.83	23.38	18195
7557	123.08	20.97	18691
7558	120.60	22.38	18690
7559	118.09	23.76	18654
7560	115.53	25.09	18688
7561	112.93	26.39	16851
7562	110.29	27.63	9317
7577	123.35	23.95	18682
7578	120.83	25.38	18629
7579	118.26	26.77	18686
7580	115.64	28.12	18663
7581	112.96	29.42	13076
7582	110.23	30.68	1034
7583	107.43	31.88	1405
7593	126.17	25.47	18683
7594	123.62	26.94	18698
7595	121.02	28.39	18683
7596	118.37	29.80	18632
7597	115.66	31.17	14188
7607	126.48	28.44	18570
7608	123.85	29.95	16090
7609	121.16	31.42	18723
7610	118.40	32.85	13520
7611	115.55	34.23	4398
7617	129.42	29.86	18690
7618	126.76	31.42	16314
7619	124.03	32.96	12487
7620	121.21	34.46	4773
7625	129.76	32.81	16912
7626	126.99	34.41	3163
7629	132.87	34.09	2838
7630	23.08	27.49	15919
7631	24.11	24.96	18137
7632	25.10	22.43	18472
7634	26.97	17.37	18125
7637	29.58	9.84	16794
7638	39.03	4.53	18636
7639	36.88	2.98	18667
7640	32.08	2.24	18666
7641	34.20	4.33	18675
7642	33.42	6.89	18601
7643	32.61	9.41	14884
7644	31.79	11.92	18354
7645	30.95	14.43	18661
7646	30.10	16.96	18450
7647	29.22	19.49	18350
7648	28.32	22.02	13904
7649	27.39	24.57	18512
7650	26.42	27.12	15177
7651	25.42	29.67	2908
7659	40.67	9.03	17747
7660	38.50	7.49	18007
7661	36.35	5.94	18658
7662	35.63	8.66	11272
7663	34.85	11.27	16413
7664	34.04	13.84	17598
7665	33.22	16.40	14733
7666	32.38	18.95	9647
7667	31.53	21.51	9778
7668	30.65	24.07	13960
7669	29.75	26.64	9924
7678	40.04	11.88	9522
7679	37.83	10.30	14953
7680	37.10	13.00	13423
7681	36.32	15.64	9044
7682	35.53	18.25	5867
7683	34.72	20.85	1989
7684	33.89	23.45	6250
7685	33.05	26.05	14547
7686	32.19	28.66	5106
7698	36.31	25.33	4250
7699	35.51	27.98	8443
7700	34.70	30.63	6632
7709	38.79	27.16	238
7820	178.38	-0.02	18628
7821	175.68	-0.02	18648
7822	172.99	-0.02	18658
7824	167.64	-0.02	18651
7827	159.69	-0.02	18662
7828	151.75	-7.33	18255
7829	150.92	-4.82	18697
7830	151.69	-0.02	18675
7831	153.03	-2.68	18677
7832	155.71	-2.73	18682
7833	158.35	-2.73	18655
7834	161.00	-2.73	18677
7835	163.64	-2.73	18645
7836	166.30	-2.72	18666
7837	168.97	-2.71	18695
7838	171.64	-2.71	18664
7839	174.33	-2.70	18685
7840	177.03	-2.70	18672
7841	179.73	-2.69	18702
7850	154.76	-7.72	15767
7851	153.91	-5.21	18702
7852	156.73	-5.35	18684
7853	159.47	-5.39	18695
7854	162.17	-5.41	18680
7855	164.86	-5.41	18681
7856	167.55	-5.40	18681
7857	170.24	-5.39	18683
7858	172.94	-5.38	18682
7859	175.65	-5.37	18673
7860	178.36	-5.36	18689
7861	181.08	-5.36	18691
7869	157.66	-7.91	18686
7870	160.48	-8.00	18645
7871	163.26	-8.04	18660
7872	166.00	-8.05	18666
7873	168.74	-8.05	18588
7874	171.48	-8.04	18276
7875	174.22	-8.03	18372
7876	176.96	-8.02	17711
7877	179.71	-8.01	17679
7925	269.42	33.59	4701
8105	358.38	0.02	18626
8106	355.68	0.02	18657
8107	352.99	0.02	18666
8109	347.64	0.02	18639
8111	333.44	-12.30	2601
8112	339.69	0.02	18654
8113	331.75	-7.29	13836
8114	330.93	-4.78	14932
8115	331.69	0.02	18674
8116	333.03	-2.64	18615
8117	335.71	-2.68	18681
8118	338.36	-2.69	18672
8119	341.00	-2.69	17676
8120	343.64	-2.68	18573
8121	346.30	-2.67	18671
8122	348.97	-2.67	18683
8123	351.64	-2.66	17749
8124	354.33	-2.65	18677
8125	357.03	-2.65	18666
8126	359.73	-2.65	18466
8133	336.49	-12.67	1685
8134	335.62	-10.17	8951
8135	334.76	-7.67	18046
8136	333.92	-5.17	18469
8137	336.74	-5.30	12205
8138	339.47	-5.35	14358
8139	342.17	-5.36	18630
8140	344.86	-5.36	13162
8141	347.55	-5.35	18668
8142	350.24	-5.34	15731
8143	352.94	-5.33	18651
8144	355.65	-5.32	18639
8145	358.36	-5.31	18667
8146	1.08	-5.31	18693
8152	339.50	-12.92	2896
8154	337.67	-7.87	13299
8155	340.49	-7.96	15874
8156	343.26	-7.99	6197
8157	346.01	-8.01	12099
8158	348.74	-8.00	18648
8159	351.48	-7.99	18629
8160	354.22	-7.98	18426
8161	356.96	-7.97	18681
8162	359.71	-7.97	18596
8168	342.45	-13.07	6021
8169	341.47	-10.53	9596
8170	344.31	-10.59	11708
8171	347.12	-10.62	18511
8172	349.92	-10.63	18695
8173	352.71	-10.62	15149
8174	355.50	-10.61	17393
8175	358.29	-10.61	17545
8176	1.08	-10.60	15568
8181	345.36	-13.16	4946
8182	348.24	-13.20	9362
8183	351.10	-13.22	15554
8184	353.96	-13.22	13469
8185	356.81	-13.22	15946
8186	359.66	-13.22	13818
8210	272.71	33.59	4780
8485	183.78	-0.02	18496
8486	186.48	-0.02	18665
8487	189.17	-0.02	18657
8488	206.05	19.86	18708
8489	194.52	-0.02	18673
8490	207.86	14.81	18694
8491	208.72	12.30	18683
8492	202.47	-0.02	18654
8493	210.41	7.29	18697
8494	211.23	4.78	18660
8495	210.47	-0.02	18663
8496	209.13	2.64	18666
8497	206.45	2.68	18690
8498	203.80	2.69	18697
8499	201.16	2.69	18659
8500	198.52	2.68	18697
8501	195.86	2.67	18652
8502	193.19	2.67	18686
8503	190.52	2.66	18701
8504	187.83	2.65	18677
8505	185.13	2.65	18659
8506	182.43	2.65	18669
8507	199.71	27.74	18704
8508	200.82	25.23	18680
8509	201.87	22.72	18686
8510	202.88	20.20	18704
8511	203.84	17.69	18693
8512	204.77	15.18	18684
8513	205.67	12.67	18692
8514	206.54	10.17	18675
8515	207.40	7.67	18692
8516	208.24	5.17	18680
8517	205.42	5.30	18658
8518	202.69	5.35	18686
8519	199.99	5.36	18687
8520	197.30	5.36	18709
8521	194.61	5.35	18699
8522	191.92	5.34	18678
8523	189.22	5.33	18685
8524	186.51	5.32	18634
8525	183.80	5.31	18692
8526	181.08	5.31	18674
8527	197.53	25.47	18672
8528	198.66	22.97	18700
8529	199.73	20.46	18701
8530	200.75	17.95	18714
8531	201.72	15.44	18679
8532	202.66	12.92	18678
8533	203.58	10.40	18698
8534	204.49	7.87	18691
8535	201.67	7.96	18693
8536	198.90	7.99	18677
8537	196.15	8.01	18667
8538	193.42	8.00	18653
8539	190.68	7.99	18669
8540	187.94	7.98	18644
8541	185.20	7.97	18655
8542	182.45	7.97	18684
8543	194.24	25.63	18704
8544	195.45	23.14	18715
8545	196.59	20.64	18698
8546	197.68	18.13	18710
8547	198.71	15.60	18702
8548	199.71	13.07	18695
8549	200.69	10.53	18668
8550	197.85	10.59	18693
8551	195.04	10.62	18700
8552	192.24	10.63	18641
8553	189.45	10.62	18653
8554	186.66	10.61	18699
8555	183.87	10.61	18704
8556	181.08	10.60	18678
8557	192.25	23.25	18679
8558	193.47	20.75	18676
8559	194.63	18.24	18682
8560	195.73	15.71	18688
8561	196.80	13.16	18421
8562	193.92	13.20	18686
8563	191.06	13.22	18675
8564	188.20	13.22	18677
8565	185.35	13.22	18685
8566	182.50	13.22	18669
8567	189.06	23.32	18693
8568	190.37	20.82	18695
8569	191.60	18.31	18720
8570	192.78	15.77	18687
8571	189.85	15.79	18703
8572	186.92	15.80	18693
8573	184.00	15.81	18668
8574	181.08	15.81	18703
8575	187.27	20.86	18698
8576	188.59	18.34	18697
8577	185.58	18.35	18695
8578	182.58	18.36	18708
8579	184.17	20.88	18693
8675	200.84	32.50	14085
8694	195.97	35.18	1851
8695	197.29	32.72	14731
8696	198.53	30.24	18682
8697	163.63	30.24	18681
8698	164.87	32.72	17667
8699	166.19	35.18	1448
8713	192.28	35.29	7
8714	193.72	32.87	16098
8715	195.07	30.42	18729
8716	196.34	27.95	18696
8717	167.09	30.42	18687
8718	168.44	32.87	14566
8730	190.13	32.95	11743
8731	191.59	30.53	18715
8732	192.96	28.09	18710
8733	169.20	28.09	18709
8734	170.57	30.53	18681
8735	172.03	32.95	9756
8736	173.59	35.33	154
8742	184.83	35.35	500
8743	186.52	32.99	12585
8744	188.10	30.60	18707
8745	189.57	28.18	18724
8746	190.96	25.73	18680
8747	172.59	28.18	18687
8748	174.06	30.60	18709
8749	175.64	32.99	15132
8752	181.08	35.35	527
8753	182.89	33.00	12833
8754	184.59	30.62	18717
8755	186.18	28.22	18671
8756	187.67	25.78	18691
8757	174.49	25.78	18699
8758	175.98	28.22	18712
8759	177.57	30.62	18691
8760	179.27	33.00	14249
8761	181.08	30.63	18702
8762	182.78	28.24	18692
8763	184.37	25.81	18697
8764	185.87	23.35	18690
8765	177.79	25.81	18695
8766	179.38	28.24	18683
8767	181.08	25.82	18711
8768	182.68	23.37	18718
8769	179.48	23.37	18707
8871	138.81	-7.60	18126
8873	143.13	-4.53	18646
8874	145.28	-2.98	18665
8875	150.08	-2.24	18653
8876	147.96	-4.33	18699
8877	148.74	-6.89	18679
8895	143.66	-7.49	18283
8896	145.81	-5.94	18689
8982	204.36	32.17	17695
8983	203.26	34.71	892
9002	206.84	34.33	4163
9018	210.38	33.84	8605
9042	216.54	35.21	7498
9153	191.85	-0.02	18658
9155	197.18	-0.02	18652
9156	199.83	-0.02	18656
9158	205.11	-0.02	18642
9159	207.75	-0.02	18672
9160	212.08	-2.24	18661
9161	209.13	-2.68	18675
9162	208.25	-5.21	18696
9163	207.40	-7.71	18669
9172	182.43	-2.69	18686
9173	185.13	-2.70	18645
9174	187.83	-2.70	18689
9175	190.52	-2.71	18643
9176	193.19	-2.71	18678
9177	195.86	-2.72	18639
9178	198.52	-2.73	18677
9179	201.16	-2.73	18655
9180	203.81	-2.73	18658
9181	206.45	-2.73	18667
9182	205.43	-5.35	18697
9183	204.50	-7.91	18682
9192	183.80	-5.36	18685
9193	186.51	-5.37	18707
9194	189.22	-5.38	18689
9195	191.92	-5.39	18669
9196	194.61	-5.40	18691
9197	197.30	-5.41	18702
9198	199.99	-5.41	18678
9199	202.69	-5.39	18685
9200	201.68	-8.00	18677
9208	182.45	-8.01	17694
9209	185.20	-8.02	18153
9210	187.94	-8.03	18166
9211	190.68	-8.04	18671
9212	193.42	-8.05	18650
9213	196.16	-8.05	18681
9214	198.90	-8.04	18685
9254	271.07	26.67	9135
9533	132.16	12.11	18698
9535	136.62	9.09	18661
9536	138.81	7.56	18663
9537	140.97	-6.07	18674
9538	143.13	4.49	18664
9539	145.28	2.94	18703
9540	147.48	-1.39	18677
9541	144.83	-0.02	18662
9542	142.63	-1.55	18656
9543	140.48	-3.08	18704
9544	138.33	-4.62	18675
9545	136.16	-6.14	18681
9546	133.97	-7.66	17811
9552	122.54	15.01	18623
9553	124.90	13.57	18676
9554	127.22	12.11	18686
9555	129.50	10.63	18690
9556	131.75	9.13	18683
9557	133.97	7.62	18675
9558	136.16	6.11	18686
9559	138.33	4.58	18673
9560	140.48	3.05	18687
9561	142.63	1.51	18642
9562	140.28	-0.02	18673
9563	138.03	-1.56	18695
9564	135.83	-3.10	18672
9565	133.63	-4.63	18674
9566	131.41	-6.15	18672
9567	129.17	-7.65	17116
9572	122.29	12.02	18595
9573	124.62	10.58	18676
9574	126.92	9.11	18689
9575	129.18	7.62	18681
9576	131.41	6.12	18689
9577	133.63	4.60	18692
9578	135.83	3.07	18660
9579	138.03	1.53	18659
9580	135.70	-0.02	18641
9581	133.43	-1.56	18667
9582	131.18	-3.09	18692
9583	128.93	-4.61	18687
9584	126.67	-6.12	17049
9588	119.72	10.45	18679
9589	122.07	9.03	18643
9590	124.38	7.57	18627
9591	126.67	6.09	18687
9592	128.94	4.58	18658
9593	131.18	3.06	18687
9594	133.43	1.53	18668
9595	131.10	-0.02	18632
9596	128.80	-1.55	18688
9597	126.51	-3.07	18686
9602	119.55	7.47	18087
9603	121.89	6.02	18584
9604	124.21	4.55	18656
9605	126.51	3.04	18661
9606	128.80	1.52	18612
9607	126.45	-0.01	18602
9608	124.12	-1.53	17794
9614	121.78	3.01	18594
9615	124.12	1.51	18629
9625	203.07	27.45	18694
9626	204.10	24.92	18701
9627	205.09	22.38	18704
9628	230.00	12.11	18692
9629	206.97	17.33	18696
9630	225.54	9.09	18693
9631	223.35	7.56	18687
9632	209.57	9.80	18687
9633	219.03	4.49	18656
9634	216.88	2.94	18665
9635	212.08	2.19	18675
9636	214.20	4.29	18670
9637	213.42	6.85	18712
9638	212.61	9.37	18681
9639	211.78	11.88	18663
9640	210.94	14.39	18701
9641	210.09	16.91	18698
9642	209.21	19.44	18655
9643	208.31	21.98	18685
9644	207.38	24.53	18680
9645	206.41	27.08	18692
9646	205.40	29.62	18691
9647	236.65	19.53	18681
9648	234.25	18.06	18680
9649	231.90	16.58	18693
9650	229.58	15.08	18687
9651	227.30	13.57	18677
9652	225.06	12.05	18680
9653	222.85	10.53	18660
9654	220.66	8.99	18657
9655	218.50	7.45	18688
9656	216.35	5.90	18671
9657	215.62	8.62	18703
9658	214.84	11.23	18664
9659	214.04	13.80	18662
9660	213.21	16.36	18691
9661	212.38	18.91	18599
9662	211.52	21.47	18678
9663	210.64	24.03	18680
9664	209.73	26.60	18713
9665	208.80	29.18	18705
9666	207.84	31.75	18673
9667	233.88	21.02	18698
9668	231.48	19.53	18688
9669	229.12	18.02	18673
9670	226.80	16.49	18666
9671	224.52	14.96	18656
9672	222.26	13.41	18677
9673	220.04	11.85	18694
9674	217.83	10.26	18679
9675	217.09	12.96	18690
9676	216.32	15.60	18679
9677	215.52	18.21	18679
9678	214.71	20.81	18695
9679	213.88	23.41	18707
9680	213.04	26.01	18687
9681	212.17	28.62	18689
9682	211.29	31.23	18696
9683	233.50	23.97	18700
9684	231.04	22.45	18685
9685	228.63	20.92	18701
9686	226.26	19.37	18707
9687	223.92	17.81	18690
9688	221.62	16.22	18681
9689	219.35	14.61	18701
9690	218.61	17.32	18683
9691	217.86	19.99	18665
9692	217.09	22.64	18695
9693	216.30	25.29	18694
9694	215.50	27.94	18705
9695	214.69	30.59	18709
9696	213.86	33.24	13062
9697	230.59	25.37	18678
9698	228.11	23.80	18691
9699	225.68	22.22	18694
9700	223.29	20.61	18713
9701	220.94	18.98	18697
9702	220.23	21.71	18690
9703	219.51	24.42	18697
9704	218.77	27.12	18694
9705	218.03	29.81	18699
9706	217.29	32.51	18571
9707	230.14	28.27	18679
9708	227.59	26.67	18715
9709	225.09	25.04	18688
9710	222.64	23.39	18709
9711	221.98	26.15	18699
9712	221.31	28.90	18700
9713	220.64	31.65	18707
9714	219.97	34.41	7687
9715	227.07	29.53	18683
9716	224.50	27.85	18688
9717	223.90	30.66	18719
9718	223.31	33.46	8344
9719	226.56	32.39	13611
10008	50.00	-12.11	18698
10010	45.54	-9.09	16743
10011	43.35	-7.56	18677
10012	41.19	6.07	18315
10013	39.03	-4.49	18686
10014	36.88	-2.94	18678
10015	34.68	1.39	18682
10016	37.33	0.02	18655
10017	39.53	1.55	18689
10018	41.68	3.08	18680
10019	43.83	4.61	17546
10027	59.62	-15.01	18664
10028	57.26	-13.57	18031
10029	54.94	-12.11	18249
10030	52.66	-10.63	16959
10031	50.41	-9.13	10972
10032	48.19	-7.62	17934
10033	46.00	-6.11	16962
10034	43.83	-4.58	18680
10035	41.68	-3.05	18655
10036	39.53	-1.51	18681
10037	41.88	0.02	18640
10038	44.13	1.56	18654
10039	46.33	3.10	12982
10047	59.87	-12.02	7266
10048	57.54	-10.58	12429
10049	55.24	-9.11	18360
10050	52.98	-7.62	17395
10051	50.75	-6.12	14524
10052	48.53	-4.60	15521
10053	46.33	-3.07	15095
10054	44.13	-1.53	18657
10055	46.46	0.02	16748
10056	48.73	1.56	13329
10063	62.44	-10.45	13022
10064	60.09	-9.03	17310
10065	57.78	-7.57	18680
10066	55.49	-6.09	18560
10067	53.22	-4.58	16230
10068	50.98	-3.06	17250
10069	48.73	-1.53	18383
10070	51.06	0.02	15691
10077	62.61	-7.47	15323
10078	60.27	-6.02	18666
10079	57.95	-4.55	12903
10080	55.65	-3.04	13172
10081	53.36	-1.52	16570
10087	65.12	-5.92	15858
10088	62.74	-4.48	18657
10089	60.38	-3.01	14549
10095	65.21	-2.96	18153
10786	62.02	-16.41	18679
10806	62.24	-13.43	16526
10821	67.25	-13.18	15883
10822	64.83	-11.84	13895
10835	67.40	-10.25	14373
10836	64.99	-8.88	18337
10846	67.53	-7.31	18506
10854	67.63	-4.39	17403
10962	221.19	-6.07	18682
10963	210.41	-7.33	18571
10964	211.24	-4.82	18669
10965	214.68	-1.39	18705
10966	214.20	-4.33	18684
10967	216.35	-5.94	18693
10968	218.50	-7.49	18589
10986	213.42	-6.89	18697
11050	125.20	16.55	18645
11051	127.56	15.09	18685
11052	129.88	13.61	18693
11053	156.11	19.86	18704
11054	134.41	10.61	18680
11055	154.30	14.81	18680
11056	153.44	12.30	18596
11057	140.98	6.03	18673
11058	151.75	7.29	18709
11059	150.93	4.78	18677
11060	147.48	1.35	18678
11061	147.96	4.29	18679
11062	145.81	5.90	18709
11063	143.66	7.45	18673
11064	141.50	8.99	18686
11065	139.31	10.53	18669
11066	137.10	12.05	18687
11067	134.86	13.57	18675
11068	132.58	15.08	18695
11069	130.26	16.58	18706
11070	127.91	18.06	18701
11071	125.51	19.53	18695
11072	156.76	29.62	18721
11073	155.75	27.08	18704
11074	154.78	24.53	18335
11075	153.85	21.98	18693
11076	152.95	19.44	18707
11077	152.07	16.91	18685
11078	151.22	14.39	18688
11079	150.38	11.88	18696
11080	149.55	9.37	18683
11081	148.74	6.85	18691
11082	146.53	8.62	18672
11083	144.33	10.26	18667
11084	142.12	11.85	18683
11085	139.90	13.41	18682
11086	137.64	14.96	18695
11087	135.36	16.49	18686
11088	133.04	18.02	18676
11089	130.68	19.53	18701
11090	128.28	21.02	18679
11091	125.84	22.50	18638
11092	153.36	29.18	18700
11093	152.43	26.60	18704
11094	151.52	24.03	18690
11095	150.64	21.47	18629
11096	149.78	18.91	18673
11097	148.95	16.36	18698
11098	148.12	13.80	18687
11099	147.32	11.23	18643
11100	145.07	12.96	18678
11101	142.81	14.61	18702
11102	140.54	16.22	18692
11103	138.24	17.81	18699
11104	135.90	19.37	18706
11105	133.53	20.92	18686
11106	131.12	22.45	18702
11107	128.66	23.97	18699
11108	150.87	31.23	18694
11109	149.99	28.62	18701
11110	149.12	26.01	18679
11111	148.28	23.41	18696
11112	147.45	20.81	18675
11113	146.64	18.21	18698
11114	145.84	15.60	18699
11115	143.54	17.32	18679
11116	141.22	18.98	18700
11117	138.87	20.61	18689
11118	136.48	22.22	18702
11119	134.05	23.80	18693
11120	131.57	25.37	18709
11121	129.05	26.92	18696
11122	147.47	30.59	18686
11123	146.66	27.94	18688
11124	145.86	25.29	18694
11125	145.07	22.64	18706
11126	144.30	19.99	18674
11127	141.93	21.71	18700
11128	139.52	23.39	18698
11129	137.07	25.04	18690
11130	134.57	26.67	18689
11131	132.02	28.27	18684
11132	144.87	32.51	17352
11133	144.13	29.81	18692
11134	143.39	27.12	18716
11135	142.65	24.42	18711
11136	140.18	26.15	18713
11137	137.66	27.85	18703
11138	135.09	29.53	18695
11139	132.46	31.18	18498
11140	141.52	31.65	18699
11141	140.85	28.90	18713
11142	138.26	30.66	18686
11143	135.60	32.39	14774
11144	138.85	33.46	14174
11145	159.09	27.45	18711
11146	158.06	24.92	18659
11147	157.07	22.38	18690
11148	170.31	-0.02	18651
11149	155.19	17.33	18688
11150	164.98	-0.02	18666
11151	162.33	-0.02	18673
11152	152.59	9.80	18687
11153	157.05	-0.02	18647
11154	154.41	-0.02	18648
11155	150.08	2.19	18673
11156	153.03	2.64	18685
11157	153.92	5.17	18698
11158	154.76	7.67	18684
11159	155.62	10.17	18693
11160	156.49	12.67	18696
11161	157.39	15.18	18677
11162	158.32	17.69	18711
11163	159.28	20.20	18700
11164	160.29	22.72	18706
11165	161.34	25.23	18688
11166	162.45	27.74	18672
11167	179.73	2.65	18685
11168	177.03	2.65	18700
11169	174.33	2.65	18681
11170	171.64	2.66	18662
11171	168.97	2.67	18664
11172	166.30	2.67	18683
11173	163.64	2.68	18664
11174	161.00	2.69	18716
11175	158.36	2.69	18676
11176	155.71	2.68	18700
11177	156.74	5.30	18670
11178	157.67	7.87	18675
11179	158.58	10.40	18712
11180	159.50	12.92	18670
11181	160.44	15.44	18681
11182	161.41	17.95	18695
11183	162.43	20.46	18699
11184	163.50	22.97	18694
11185	164.63	25.47	18673
11186	165.82	27.95	18705
11187	178.36	5.31	18679
11188	175.65	5.32	18679
11189	172.94	5.33	18692
11190	170.24	5.34	18691
11191	167.55	5.35	18669
11192	164.86	5.36	18695
11193	162.17	5.36	18688
11194	159.47	5.35	18691
11195	160.49	7.96	18663
11196	161.47	10.53	18694
11197	162.45	13.07	18666
11198	163.45	15.60	18704
11199	164.48	18.13	18705
11200	165.57	20.64	18712
11201	166.71	23.14	18700
11202	167.92	25.63	18673
11203	179.71	7.97	18692
11204	176.96	7.97	18689
11205	174.22	7.98	18691
11206	171.48	7.99	18677
11207	168.74	8.00	18680
11208	166.01	8.01	18666
11209	163.26	7.99	18653
11210	164.31	10.59	18680
11211	165.36	13.16	18708
11212	166.43	15.71	18681
11213	167.53	18.24	18674
11214	168.69	20.75	18662
11215	169.91	23.25	18692
11216	171.20	25.73	18686
11217	178.29	10.61	18684
11218	175.50	10.61	18676
11219	172.71	10.62	18697
11220	169.92	10.63	18693
11221	167.12	10.62	18675
11222	168.24	13.20	18665
11223	169.38	15.77	18687
11224	170.56	18.31	18710
11225	171.79	20.82	18681
11226	173.10	23.32	18660
11227	179.66	13.22	18672
11228	176.81	13.22	18660
11229	173.96	13.22	18658
11230	171.10	13.22	18676
11231	172.31	15.79	18677
11232	173.57	18.34	18677
11233	174.89	20.86	18677
11234	176.29	23.35	18666
11235	178.16	15.81	18704
11236	175.24	15.80	18677
11237	176.58	18.35	18708
11238	177.99	20.88	18637
11239	179.58	18.36	18695
11240	339.08	27.49	18318
11241	338.05	24.96	14815
11242	337.06	22.43	11745
11243	350.31	0.02	18648
11244	335.19	17.37	13898
11245	344.98	0.02	18676
11246	342.33	0.02	18639
11247	332.58	9.84	18678
11248	337.05	0.02	18645
11249	334.41	0.02	18648
11250	330.08	2.24	18641
11251	333.03	2.68	18677
11252	333.91	5.21	18690
11253	334.76	7.72	18682
11254	335.61	10.21	18676
11255	336.49	12.72	17854
11256	337.38	15.22	18549
11257	338.31	17.73	14581
11258	339.27	20.25	5549
11259	340.28	22.76	16263
11260	341.33	25.28	17537
11261	342.44	27.79	15982
11262	359.73	2.69	18698
11263	357.03	2.70	18651
11264	354.33	2.70	18643
11265	351.64	2.71	17311
11266	348.97	2.71	16375
11267	346.30	2.72	18682
11268	343.64	2.73	18590
11269	341.00	2.73	18666
11270	338.35	2.73	18662
11271	335.71	2.73	18676
11272	336.73	5.35	18680
11273	337.66	7.91	18659
11274	338.57	10.44	18692
11275	339.49	12.96	18536
11276	340.43	15.48	18651
11277	341.41	17.99	12998
11278	342.43	20.51	2260
11279	343.50	23.01	4376
11280	344.62	25.51	11668
11281	345.82	28.00	7651
11282	358.36	5.36	18682
11283	355.65	5.37	18683
11284	352.94	5.38	18525
11285	350.24	5.39	18659
11286	347.55	5.40	18584
11287	344.86	5.41	18621
11288	342.17	5.41	18710
11289	339.47	5.39	18689
11290	340.48	8.00	18669
11291	341.46	10.57	18682
11292	342.44	13.12	18653
11293	343.44	15.65	18686
11294	344.48	18.17	17962
11295	345.56	20.68	12932
11296	346.70	23.19	12922
11297	347.91	25.67	12129
11298	359.71	8.01	18664
11299	356.96	8.02	18676
11300	354.22	8.03	18664
11301	351.48	8.04	18684
11302	348.74	8.05	18668
11303	346.00	8.05	18668
11304	343.26	8.04	18691
11305	344.31	10.64	18615
11306	345.36	13.21	17123
11307	346.42	15.75	13828
11308	347.53	18.29	15734
11309	348.68	20.80	15656
11310	349.90	23.30	17726
11311	351.20	25.77	14879
11312	358.29	10.65	15990
11313	355.50	10.66	18317
11314	352.71	10.67	11102
11315	349.92	10.67	18300
11316	347.12	10.67	16591
11317	348.24	13.25	16058
11318	349.37	15.81	17431
11319	350.55	18.35	18169
11320	351.79	20.87	13603
11321	353.10	23.36	17403
11322	359.66	13.27	18680
11323	356.81	13.27	18440
11324	353.96	13.27	18617
11325	351.10	13.27	18194
11326	352.31	15.84	18679
11327	353.57	18.39	18661
11328	354.89	20.91	10214
11329	356.29	23.40	9973
11330	358.16	15.85	18704
11331	355.24	15.85	18364
11332	356.57	18.40	16004
11333	357.99	20.92	13832
11334	359.58	18.41	18625
11430	236.96	16.55	18650
11431	234.60	15.09	18700
11432	232.28	13.61	18698
11434	227.75	10.61	18693
11436	223.35	-7.60	18374
11437	221.18	6.03	18671
11438	219.03	-4.53	18666
11439	216.88	-2.98	18654
11440	214.68	1.35	18646
11441	217.33	-0.02	18651
11442	219.53	1.51	18667
11443	221.68	3.05	18674
11444	223.83	4.58	18670
11445	226.00	6.11	18690
11446	228.19	7.62	18696
11447	230.41	9.13	18679
11448	232.66	10.63	18681
11449	234.94	12.11	18701
11450	237.26	13.57	18695
11451	239.62	15.01	13943
11458	226.00	-6.14	18656
11459	223.83	-4.61	18711
11460	221.68	-3.08	18695
11461	219.53	-1.55	18671
11462	221.88	-0.02	18657
11463	224.13	1.53	18653
11464	226.33	3.07	18688
11465	228.53	4.60	18657
11466	230.75	6.12	18679
11467	232.98	7.62	18684
11468	235.24	9.11	18689
11469	237.54	10.58	18687
11470	239.87	12.02	18653
11471	242.24	13.43	18682
11478	226.33	-3.10	18684
11479	224.13	-1.56	18655
11480	226.46	-0.02	18647
11481	228.73	1.53	18537
11482	230.98	3.06	18674
11483	233.22	4.58	18705
11484	235.49	6.09	18685
11485	237.78	7.57	18663
11486	240.09	9.03	18653
11487	242.44	10.45	18669
11494	228.73	-1.56	18661
11495	231.06	-0.02	18653
11496	233.36	1.52	18651
11497	235.65	3.04	18663
11498	237.95	4.55	18664
11499	240.27	6.02	18663
11500	242.61	7.47	18668
11501	244.99	8.88	18693
11507	235.71	-0.01	18637
11508	238.04	1.51	18671
11509	240.38	3.01	18648
11510	242.74	4.48	18670
11511	245.12	5.92	18676
11517	242.81	1.49	18516
11518	245.21	2.96	18611
11519	247.63	4.39	18680
11522	245.24	-0.01	18381
11523	247.68	1.46	18512
11528	337.18	19.92	10212
11529	315.48	10.66	18311
11530	335.37	14.88	18037
11531	334.51	12.37	15520
11532	322.05	6.09	18687
11533	332.83	7.35	18685
11534	332.00	4.84	18660
11535	328.56	1.41	18683
11536	329.04	4.35	18655
11537	326.89	5.96	18678
11538	324.74	7.51	18647
11539	322.57	9.05	18657
11540	320.38	10.58	18649
11541	318.17	12.11	14943
11547	337.82	29.69	6767
11548	336.82	27.14	17870
11549	335.85	24.59	17957
11550	334.92	22.05	10058
11551	334.02	19.51	11061
11552	333.14	16.98	18019
11553	332.29	14.46	18570
11554	331.45	11.94	16363
11555	330.63	9.43	18691
11556	329.82	6.91	18709
11557	327.61	8.68	18708
11558	325.40	10.32	18696
11559	323.19	11.90	12927
11560	320.97	13.47	11156
11561	318.71	15.01	17941
11567	334.42	29.24	15838
11568	333.49	26.67	16559
11569	332.59	24.10	18571
11570	331.71	21.53	18497
11571	330.85	18.97	18067
11572	330.01	16.42	18326
11573	329.19	13.86	16526
11574	328.39	11.29	18419
11575	326.14	13.02	18404
11576	323.88	14.67	17663
11577	321.61	16.28	14399
11585	330.19	26.08	16318
11586	329.34	23.47	18634
11587	328.52	20.87	18602
11588	327.71	18.27	18437
11589	326.91	15.66	18553
11590	324.61	17.38	10680
11591	322.29	19.04	11510
11600	326.14	22.70	16758
11601	325.36	20.05	14124
11620	330.44	0.04	18675
11622	33.88	0.04	18642
11624	272.13	31.72	10633
11628	150.44	-0.04	18671
11630	213.88	-0.04	18654
11642	2.16	20.95	18618
11643	137.18	35.23	1397
11649	182.16	20.86	18717
11660	161.26	29.95	18724
11663	182.16	-0.05	18514
11665	2.16	0.05	18654
11666	123.89	17.97	18677
11671	341.25	30.05	6638
11673	203.05	29.96	18709
11674	23.08	30.04	427
11678	240.43	17.98	13584
11777	58.03	-16.54	18672
11778	55.68	-15.08	18687
11779	53.36	-13.60	18693
11781	48.83	-10.59	18529
11782	28.93	-14.79	18698
11783	29.80	-12.28	18654
11784	42.26	-6.01	18679
11785	31.49	-7.27	18670
11786	32.31	-4.76	18679
11787	35.76	-1.33	18682
11788	35.28	-4.27	18669
11789	37.43	-5.88	18686
11790	39.58	-7.44	18712
11791	41.74	-8.98	18684
11792	43.92	-10.51	18670
11793	46.14	-12.04	18674
11794	48.38	-13.56	18690
11795	50.66	-15.07	18663
11804	31.16	-16.89	18670
11805	32.02	-14.37	18678
11806	32.86	-11.86	18685
11807	33.68	-9.35	18702
11808	34.50	-6.83	18684
11809	36.70	-8.60	18699
11810	38.90	-10.24	18674
11811	41.11	-11.83	18695
11812	43.34	-13.39	18703
11813	45.59	-14.94	18701
11814	47.88	-16.48	18693
11815	50.20	-18.00	18693
11824	34.29	-16.34	18678
11825	35.11	-13.78	18672
11826	35.92	-11.21	18681
11827	38.17	-12.94	18712
11828	40.42	-14.59	18702
11829	42.70	-16.21	18681
11830	45.00	-17.79	18688
11840	36.60	-18.19	18695
11841	37.39	-15.58	18683
11842	39.69	-17.30	18685
11972	317.69	9.14	18409
11973	319.88	7.62	18695
11974	322.06	-6.01	16067
11975	324.21	4.55	18674
11976	326.36	3.00	18645
11977	328.56	-1.33	18611
11978	325.91	0.04	18634
11979	323.71	-1.49	18655
11980	321.57	-3.03	18672
11981	319.41	-4.56	18626
11982	317.24	-6.09	18581
11983	315.05	-7.61	12250
11994	315.04	7.67	18665
11995	317.24	6.16	18677
11996	319.41	4.63	18694
11997	321.56	3.10	18645
11998	323.71	1.57	18655
11999	321.36	0.04	18653
12000	319.11	-1.51	18640
12001	316.91	-3.05	15874
12002	314.71	-4.58	17407
12003	312.50	-6.10	14415
12004	310.26	-7.61	1298
12013	312.49	6.16	18619
12014	314.70	4.65	18458
12015	316.91	3.12	18682
12016	319.11	1.58	18668
12017	316.78	0.03	18659
12018	314.51	-1.51	18369
12019	312.27	-3.05	18126
12020	310.02	-4.57	11901
12029	310.01	4.63	18024
12030	312.26	3.11	18186
12031	314.51	1.58	18521
12032	312.18	0.03	18088
12033	309.88	-1.51	12030
12043	309.88	1.57	18151
12065	12.93	0.05	18655
12066	28.04	-17.31	18703
12067	18.26	0.05	18657
12068	20.91	0.05	18654
12069	30.65	-9.77	18656
12070	26.19	0.04	18667
12071	28.83	0.04	18665
12072	33.16	-2.17	18667
12073	30.21	-2.62	18695
12074	29.32	-5.15	18686
12075	28.48	-7.65	18683
12076	27.62	-10.15	18718
12077	26.75	-12.65	18684
12078	25.85	-15.16	18709
12079	24.92	-17.67	18717
12084	3.51	-2.62	18697
12085	6.21	-2.62	18690
12086	8.91	-2.63	18683
12087	11.60	-2.64	18671
12088	14.27	-2.64	18711
12089	16.94	-2.65	18668
12090	19.60	-2.66	18681
12091	22.24	-2.66	18685
12092	24.88	-2.67	18664
12093	27.53	-2.66	18683
12094	26.50	-5.28	18662
12095	25.57	-7.84	18672
12096	24.66	-10.38	18695
12097	23.74	-12.90	18679
12098	22.80	-15.41	18691
12099	21.82	-17.93	18722
12104	4.88	-5.29	18661
12105	7.59	-5.30	18667
12106	10.30	-5.31	18696
12107	13.00	-5.32	18683
12108	15.69	-5.33	18681
12109	18.38	-5.34	18696
12110	21.07	-5.34	18702
12111	23.77	-5.33	18682
12112	22.75	-7.93	12641
12113	21.77	-10.50	8389
12114	20.79	-13.05	17991
12115	19.79	-15.58	18668
12116	18.75	-18.10	18685
12120	3.53	-7.94	13329
12121	6.28	-7.95	14731
12122	9.02	-7.96	18039
12123	11.76	-7.97	18465
12124	14.49	-7.98	13559
12125	17.23	-7.98	7983
12126	19.98	-7.97	4635
12127	18.93	-10.57	5
12128	17.88	-13.14	11095
12129	16.81	-15.68	18694
12130	15.71	-18.22	18695
12134	4.95	-10.58	15656
12135	7.74	-10.59	14994
12136	10.53	-10.60	15394
12137	13.32	-10.60	17188
12138	16.11	-10.60	3643
12139	15.00	-13.18	7263
12140	13.86	-15.74	11967
12141	12.68	-18.28	16742
12144	3.58	-13.19	9064
12145	6.43	-13.20	6051
12146	9.28	-13.20	12590
